0
1
2
3
4
5
6
7
8
9
10
11
12
13
14
15
16
17
18
19
20
21
22
23
24
25
26
27
28
29
30
31
32
33
34
35
36
37
38
39
40
41
42
43
44
45
46
47
48
49
50
51
52
53
54
55
56
57
58
59
60
61
62
63
64
65
66
67
68
69
70
71
72
73
74
75
76
77
78
79
80
81
82
83
84
85
86
87
88
89
90
91
92
93
94
95
96
97
98
99
100
101
102
103
104
105
106
107
108
109
110
111
112
113
114
115
116
117
118
119
120
121
122
123
124
125
126
127
128
129
130
131
132
133
134
135
136
137
138
139
140
141
142
143
144
145
146
147
148
149
150
151
152
153
154
155
156
157
158
159
160
161
162
163
164
165
166
167
168
169
170
171
172
173
174
175
176
177
178
179
180
181
182
183
184
185
186
187
188
189
190
191
192
193
194
195
196
197
198
199
200
201
202
203
204
205
206
207
208
209
210
211
212
213
214
215
216
217
218
219
220
221
222
223
224
225
226
227
228
229
230
231
232
233
234
235
236
237
238
239
240
241
242
243
244
245
246
247
248
249
250
251
252
253
254
255
256
257
258
259
260
261
262
263
264
265
266
267
268
269
270
271
272
273
274
275
276
277
278
279
280
281
282
283
284
285
286
287
288
289
290
291
292
293
294
295
296
297
298
299
300
301
302
303
304
305
306
307
308
309
310
311
312
313
314
315
316
317
318
319
320
321
322
323
324
325
326
327
328
329
330
331
332
333
334
335
336
337
338
339
340
341
342
343
344
345
346
347
348
349
350
351
352
353
354
355
356
357
358
359
360
361
362
363
364
365
366
367
368
369
370
371
372
373
374
375
376
377
378
379
380
381
382
383
384
385
386
387
388
389
390
391
392
393
394
395
396
397
398
399
400
401
402
403
404
405
406
407
408
409
410
411
412
413
414
415
416
417
418
419
420
421
422
423
424
425
426
427
428
429
430
431
432
433
434
435
436
437
438
439
440
441
442
443
444
445
446
447
448
449
450
451
452
453
454
455
456
457
458
459
460
461
462
463
464
465
466
467
468
469
470
471
472
473
474
475
476
477
478
479
480
481
482
483
484
485
486
487
488
489
490
491
492
493
494
495
496
497
498
499
500
501
502
503
504
505
506
507
508
509
510
511
512
513
514
515
516
517
518
519
520
521
522
523
524
525
526
527
528
529
530
531
532
533
534
535
536
537
538
539
540
541
542
543
544
545
546
547
548
549
550
551
552
553
554
555
556
557
558
559
560
561
562
563
564
565
566
567
568
569
570
571
572
573
574
575
576
577
578
579
580
581
582
583
584
585
586
587
588
589
590
591
592
593
594
595
596
597
598
599
600
601
602
603
604
605
606
607
608
609
610
611
612
613
614
615
616
617
618
619
620
621
622
623
624
625
626
627
628
629
630
631
632
633
634
635
636
637
638
639
640
641
642
643
644
645
646
647
648
649
650
651
652
653
654
655
656
657
658
659
660
661
662
663
664
665
666
667
668
669
670
671
672
673
674
675
676
677
678
679
680
681
682
683
684
685
686
687
688
689
690
691
692
693
694
695
696
697
698
699
700
701
702
703
704
705
706
707
708
709
710
711
712
713
714
715
716
717
718
719
720
721
722
723
724
725
726
727
728
729
730
731
732
733
734
735
736
737
738
739
740
741
742
743
744
745
746
747
748
749
750
751
752
753
754
755
756
757
758
759
760
761
762
763
764
765
766
767
768
769
770
771
772
773
774
775
776
777
778
779
780
781
782
783
784
785
786
787
788
789
790
791
792
793
794
795
796
797
798
799
800
801
802
803
804
805
806
807
808
809
810
811
812
813
814
815
816
817
818
819
820
821
822
823
824
825
826
827
828
829
830
831
832
833
834
835
836
837
838
839
840
841
842
843
844
845
846
847
848
849
850
851
852
853
854
855
856
857
858
859
860
861
862
863
864
865
866
867
868
869
870
871
872
873
874
875
876
877
878
879
880
881
882
883
884
885
886
887
888
889
890
891
892
893
894
895
896
897
898
899
900
901
902
903
904
905
906
907
908
909
910
911
912
913
914
915
916
917
918
919
920
921
922
923
924
925
926
927
928
929
930
931
932
933
934
935
936
937
938
939
940
941
942
943
944
945
946
947
948
949
950
951
952
953
954
955
956
957
958
959
960
961
962
963
964
965
966
967
968
969
970
971
972
973
974
975
976
977
978
979
980
981
982
983
984
985
986
987
988
989
990
991
992
993
994
995
996
997
998
999
1000
1001
1002
1003
1004
1005
1006
1007
1008
1009
1010
1011
1012
1013
1014
1015
1016
1017
1018
1019
1020
1021
1022
1023
1024
1025
1026
1027
1028
1029
1030
1031
1032
1033
1034
1035
1036
1037
1038
1039
1040
1041
1042
1043
1044
1045
1046
1047
1048
1049
1050
1051
1052
1053
1054
1055
1056
1057
1058
1059
1060
1061
1062
1063
1064
1065
1066
1067
1068
1069
1070
1071
1072
1073
1074
1075
1076
1077
1078
1079
1080
1081
1082
1083
1084
1085
1086
1087
1088
1089
1090
1091
1092
1093
1094
1095
1096
1097
1098
1099
1100
1101
1102
1103
1104
1105
1106
1107
1108
1109
1110
1111
1112
1113
1114
1115
1116
1117
1118
1119
1120
1121
1122
1123
1124
1125
1126
1127
1128
1129
1130
1131
1132
1133
1134
1135
1136
1137
1138
1139
1140
1141
1142
1143
1144
1145
1146
1147
1148
1149
1150
1151
1152
1153
1154
1155
1156
1157
1158
1159
1160
1161
1162
1163
1164
1165
1166
1167
1168
1169
1170
1171
1172
1173
1174
1175
1176
1177
1178
1179
1180
1181
1182
1183
1184
1185
1186
1187
1188
1189
1190
1191
1192
1193
1194
1195
1196
1197
1198
1199
1200
1201
1202
1203
1204
1205
1206
1207
1208
1209
1210
1211
1212
1213
1214
1215
1216
1217
1218
1219
1220
1221
1222
1223
1224
1225
1226
1227
1228
1229
1230
1231
1232
1233
1234
1235
1236
1237
1238
1239
1240
1241
1242
1243
1244
1245
1246
1247
1248
1249
1250
1251
1252
1253
1254
1255
1256
1257
1258
1259
1260
1261
1262
1263
1264
1265
1266
1267
1268
1269
1270
1271
1272
1273
1274
1275
1276
1277
1278
1279
1280
1281
1282
1283
1284
1285
1286
1287
1288
1289
1290
1291
1292
1293
1294
1295
1296
1297
1298
1299
1300
1301
1302
1303
1304
1305
1306
1307
1308
1309
1310
1311
1312
1313
1314
1315
1316
1317
1318
1319
1320
1321
1322
1323
1324
1325
1326
1327
1328
1329
1330
1331
1332
1333
1334
1335
1336
1337
1338
1339
1340
1341
1342
1343
1344
1345
1346
1347
1348
1349
1350
1351
1352
1353
1354
1355
1356
1357
1358
1359
1360
1361
1362
1363
1364
1365
1366
1367
1368
1369
1370
1371
1372
1373
1374
1375
1376
1377
1378
1379
1380
1381
1382
1383
1384
1385
1386
1387
1388
1389
1390
1391
1392
1393
1394
1395
1396
1397
1398
1399
1400
1401
1402
1403
1404
1405
1406
1407
1408
1409
1410
1411
1412
1413
1414
1415
1416
1417
1418
1419
1420
1421
1422
1423
1424
1425
1426
1427
1428
1429
1430
1431
1432
1433
1434
1435
1436
1437
1438
1439
1440
1441
1442
1443
1444
1445
1446
1447
1448
1449
1450
1451
1452
1453
1454
1455
1456
1457
1458
1459
1460
1461
1462
1463
1464
1465
1466
1467
1468
1469
1470
1471
1472
1473
1474
1475
1476
1477
1478
1479
1480
1481
1482
1483
1484
1485
1486
1487
1488
1489
1490
1491
1492
1493
1494
1495
1496
1497
1498
1499
1500
1501
1502
1503
1504
1505
1506
1507
1508
1509
1510
1511
1512
1513
1514
1515
1516
1517
1518
1519
1520
1521
1522
1523
1524
1525
1526
1527
1528
1529
1530
1531
1532
1533
1534
1535
1536
1537
1538
1539
1540
1541
1542
1543
1544
1545
1546
1547
1548
1549
1550
1551
1552
1553
1554
1555
1556
1557
1558
1559
1560
1561
1562
1563
1564
1565
1566
1567
1568
1569
1570
1571
1572
1573
1574
1575
1576
1577
1578
1579
1580
1581
1582
1583
1584
1585
1586
1587
1588
1589
1590
1591
1592
1593
1594
1595
1596
1597
1598
1599
1600
1601
1602
1603
1604
1605
1606
1607
1608
1609
1610
1611
1612
1613
1614
1615
1616
1617
1618
1619
1620
1621
1622
1623
1624
1625
1626
1627
1628
1629
1630
1631
1632
1633
1634
1635
1636
1637
1638
1639
1640
1641
1642
1643
1644
1645
1646
1647
1648
1649
1650
1651
1652
1653
1654
1655
1656
1657
1658
1659
1660
1661
1662
1663
1664
1665
1666
1667
1668
1669
1670
1671
1672
1673
1674
1675
1676
1677
1678
1679
1680
1681
1682
1683
1684
1685
1686
1687
1688
1689
1690
1691
1692
1693
1694
1695
1696
1697
1698
1699
1700
1701
1702
1703
1704
1705
1706
1707
1708
1709
1710
1711
1712
1713
1714
1715
1716
1717
1718
1719
1720
1721
1722
1723
1724
1725
1726
1727
1728
1729
1730
1731
1732
1733
1734
1735
1736
1737
1738
1739
1740
1741
1742
1743
1744
1745
1746
1747
1748
1749
1750
1751
1752
1753
1754
1755
1756
1757
1758
1759
1760
1761
1762
1763
1764
1765
1766
1767
1768
1769
1770
1771
1772
1773
1774
1775
1776
1777
1778
1779
1780
1781
1782
1783
1784
1785
1786
1787
1788
1789
1790
1791
1792
1793
1794
1795
1796
1797
1798
1799
1800
1801
1802
1803
1804
1805
1806
1807
1808
1809
1810
1811
1812
1813
1814
1815
1816
1817
1818
1819
1820
1821
1822
1823
1824
1825
1826
1827
1828
1829
1830
1831
1832
1833
1834
1835
1836
1837
1838
1839
1840
1841
1842
1843
1844
1845
1846
1847
1848
1849
1850
1851
1852
1853
1854
1855
1856
1857
1858
1859
1860
1861
1862
1863
1864
1865
1866
1867
1868
1869
1870
1871
1872
1873
1874
1875
1876
1877
1878
1879
1880
1881
1882
1883
1884
1885
1886
1887
1888
1889
1890
1891
1892
1893
1894
1895
1896
1897
1898
1899
1900
1901
1902
1903
1904
1905
1906
1907
1908
1909
1910
1911
1912
1913
1914
1915
1916
1917
1918
1919
1920
1921
1922
1923
1924
1925
1926
1927
1928
1929
1930
1931
1932
1933
1934
1935
1936
1937
1938
1939
1940
1941
1942
1943
1944
1945
1946
1947
1948
1949
1950
1951
1952
1953
1954
1955
1956
1957
1958
1959
1960
1961
1962
1963
1964
1965
1966
1967
1968
1969
1970
1971
1972
1973
1974
1975
1976
1977
1978
1979
1980
1981
1982
1983
1984
1985
1986
1987
1988
1989
1990
1991
1992
1993
1994
1995
1996
1997
1998
1999
2000
2001
2002
2003
2004
2005
2006
2007
2008
2009
2010
2011
2012
2013
2014
2015
2016
2017
2018
2019
2020
2021
2022
2023
2024
2025
2026
2027
2028
2029
2030
2031
2032
2033
2034
2035
2036
2037
2038
2039
2040
2041
2042
2043
2044
2045
2046
2047
2048
2049
2050
2051
2052
2053
2054
2055
2056
2057
2058
2059
2060
2061
2062
2063
2064
2065
2066
2067
2068
2069
2070
2071
2072
2073
2074
2075
2076
2077
2078
2079
2080
2081
2082
2083
2084
2085
2086
2087
2088
2089
2090
2091
2092
2093
2094
2095
2096
2097
2098
2099
2100
2101
2102
2103
2104
2105
2106
2107
2108
2109
2110
2111
2112
2113
2114
2115
2116
2117
2118
2119
2120
2121
2122
2123
2124
2125
2126
2127
2128
2129
2130
2131
2132
2133
2134
2135
2136
2137
2138
2139
2140
2141
2142
2143
2144
2145
2146
2147
2148
2149
2150
2151
2152
2153
2154
2155
2156
2157
2158
2159
2160
2161
2162
2163
2164
2165
2166
2167
2168
2169
2170
2171
2172
2173
2174
2175
2176
2177
2178
2179
2180
2181
2182
2183
2184
2185
2186
2187
2188
2189
2190
2191
2192
2193
2194
2195
2196
2197
2198
2199
2200
2201
2202
2203
2204
2205
2206
2207
2208
2209
2210
2211
2212
2213
2214
2215
2216
2217
2218
2219
2220
2221
2222
2223
2224
2225
2226
2227
2228
2229
2230
2231
2232
2233
2234
2235
2236
2237
2238
2239
2240
2241
2242
2243
2244
2245
2246
2247
2248
2249
2250
2251
2252
2253
2254
2255
2256
2257
2258
2259
2260
2261
2262
2263
2264
2265
2266
2267
2268
2269
2270
2271
2272
2273
2274
2275
2276
2277
2278
2279
2280
2281
2282
2283
2284
2285
2286
2287
2288
2289
2290
2291
2292
2293
2294
2295
2296
2297
2298
2299
2300
2301
2302
2303
2304
2305
2306
2307
2308
2309
2310
2311
2312
2313
2314
2315
2316
2317
2318
2319
2320
2321
2322
2323
2324
2325
2326
2327
2328
2329
2330
2331
2332
2333
2334
2335
2336
2337
2338
2339
2340
2341
2342
2343
2344
2345
2346
2347
2348
2349
2350
2351
2352
2353
2354
2355
2356
2357
2358
2359
2360
2361
2362
2363
2364
2365
2366
2367
2368
2369
2370
2371
2372
2373
2374
2375
2376
2377
2378
2379
2380
2381
2382
2383
2384
2385
2386
2387
2388
2389
2390
2391
2392
2393
2394
2395
2396
2397
2398
2399
2400
2401
2402
2403
2404
2405
2406
2407
2408
2409
2410
2411
2412
2413
2414
2415
2416
2417
2418
2419
2420
2421
2422
2423
2424
2425
2426
2427
2428
2429
2430
2431
2432
2433
2434
2435
2436
2437
2438
2439
2440
2441
2442
2443
2444
2445
2446
2447
2448
2449
2450
2451
2452
2453
2454
2455
2456
2457
2458
2459
2460
2461
2462
2463
2464
2465
2466
2467
2468
2469
2470
2471
2472
2473
2474
2475
2476
2477
2478
2479
2480
2481
2482
2483
2484
2485
2486
2487
2488
2489
2490
2491
2492
2493
2494
2495
2496
2497
2498
2499
2500
2501
2502
2503
2504
2505
2506
2507
2508
2509
2510
2511
2512
2513
2514
2515
2516
2517
2518
2519
2520
2521
2522
2523
2524
2525
2526
2527
2528
2529
2530
2531
2532
2533
2534
2535
2536
2537
2538
2539
2540
2541
2542
2543
2544
2545
2546
2547
2548
2549
2550
2551
2552
2553
2554
2555
2556
2557
2558
2559
2560
2561
2562
2563
2564
2565
2566
2567
2568
2569
2570
2571
2572
2573
2574
2575
2576
2577
2578
2579
2580
2581
2582
2583
2584
2585
2586
2587
2588
2589
2590
2591
2592
2593
2594
2595
2596
2597
2598
2599
2600
2601
2602
2603
2604
2605
2606
2607
2608
2609
2610
2611
2612
2613
2614
2615
2616
2617
2618
2619
2620
2621
2622
2623
2624
2625
2626
2627
2628
2629
2630
2631
2632
2633
2634
2635
2636
2637
2638
2639
2640
2641
2642
2643
2644
2645
2646
2647
2648
2649
2650
2651
2652
2653
2654
2655
2656
2657
2658
2659
2660
2661
2662
2663
2664
2665
2666
2667
2668
2669
2670
2671
2672
2673
2674
2675
2676
2677
2678
2679
2680
2681
2682
2683
2684
2685
2686
2687
2688
2689
2690
2691
2692
2693
2694
2695
2696
2697
2698
2699
2700
2701
2702
2703
2704
2705
2706
2707
2708
2709
2710
2711
2712
2713
2714
2715
2716
2717
2718
2719
2720
2721
2722
2723
2724
2725
2726
2727
2728
2729
2730
2731
2732
2733
2734
2735
2736
2737
2738
2739
2740
2741
2742
2743
2744
2745
2746
2747
2748
2749
2750
2751
2752
2753
2754
2755
2756
2757
2758
2759
2760
2761
2762
2763
2764
2765
2766
2767
2768
2769
2770
2771
2772
2773
2774
2775
2776
2777
2778
2779
2780
2781
2782
2783
2784
2785
2786
2787
2788
2789
2790
2791
2792
2793
2794
2795
2796
2797
2798
2799
2800
2801
2802
2803
2804
2805
2806
2807
2808
2809
2810
2811
2812
2813
2814
2815
2816
2817
2818
2819
2820
2821
2822
2823
2824
2825
2826
2827
2828
2829
2830
2831
2832
2833
2834
2835
2836
2837
2838
2839
2840
2841
2842
2843
2844
2845
2846
2847
2848
2849
2850
2851
2852
2853
2854
2855
2856
2857
2858
2859
2860
2861
2862
2863
2864
2865
2866
2867
2868
2869
2870
2871
2872
2873
2874
2875
2876
2877
2878
2879
2880
2881
2882
2883
2884
2885
2886
2887
2888
2889
2890
2891
2892
2893
2894
2895
2896
2897
2898
2899
2900
2901
2902
2903
2904
2905
2906
2907
2908
2909
2910
2911
2912
2913
2914
2915
2916
2917
2918
2919
2920
2921
2922
2923
2924
2925
2926
2927
2928
2929
2930
2931
2932
2933
2934
2935
2936
2937
2938
2939
2940
2941
2942
2943
2944
2945
2946
2947
2948
2949
2950
2951
2952
2953
2954
2955
2956
2957
2958
2959
2960
2961
2962
2963
2964
2965
2966
2967
2968
2969
2970
2971
2972
2973
2974
2975
2976
2977
2978
2979
2980
2981
2982
2983
2984
2985
2986
2987
2988
2989
2990
2991
2992
2993
2994
2995
2996
2997
2998
2999
4027
4376
3537
3940
4140
3378
3914
4459
4087
3622
4805
4505
4840
4770
4545
3871
4881
3915
4377
4556
3889
3269
4088
3280
4158
3920
4918
3786
3906
4491
4280
4904
3292
4563
3414
3214
3866
3570
3867
4908
3651
3143
3955
3509
3702
3187
3169
3322
4920
3180
4476
4850
3768
3785
3282
3886
3759
4498
4943
4500
3132
4256
3091
4479
3324
4923
4388
3701
3484
3908
3371
4334
4967
4292
4714
4150
4279
4235
4844
4699
4838
3884
3645
3014
4081
4791
4105
3535
4837
3460
3562
3910
4533
3233
4346
3095
4843
4965
4338
3343
3325
3543
4378
4204
4946
3294
3259
4201
3446
4272
3147
3111
3079
3967
4931
4245
4048
3567
3070
4006
4741
3370
4957
4832
4231
3047
4431
3069
4268
4831
3744
3243
3316
3048
4402
4656
4437
3816
4044
3139
3921
3864
4858
3579
4641
3499
4102
3828
3541
3580
3284
3082
3574
3256
3540
4774
3199
4213
3493
3012
3506
3502
4900
3277
4577
3076
3530
4418
3338
3655
4143
4330
4899
3970
3803
4720
3601
3177
4614
4902
3671
4477
3575
4626
3144
4544
4029
4667
4736
4686
3714
4154
4349
4985
4607
3875
4553
4164
3778
4519
4484
3730
3295
3479
3596
3364
4295
4425
3145
4979
3209
3644
4590
4864
4758
4574
3554
3675
3514
4036
4531
4423
4807
3879
4071
4666
3881
4649
4445
4009
4199
3033
4251
3646
3890
3411
3274
4996
3737
4056
3966
4255
3936
3872
3523
3688
4627
4364
3972
4480
4275
3334
4765
4800
3849
3141
4456
4039
4315
3054
4389
3261
3363
3469
4034
4355
3384
4061
4394
4657
3728
3220
3589
3999
3807
4593
3693
3120
4326
3085
4977
3416
3128
4707
4876
3108
3286
4384
4099
4634
4218
4711
3268
4008
3800
3426
3756
4509
4381
3406
3222
4525
4420
3521
3952
3242
4885
3072
3949
3961
4032
3477
4777
3239
4675
4285
4776
4030
4757
3270
4232
4541
3419
3548
3298
4617
3124
3034
4438
4819
4052
4033
4281
3263
4241
4195
4473
3489
3118
4000
4798
3436
4583
4452
4596
3536
4877
3353
4122
3107
3819
3442
3202
4194
4179
3355
4570
4760
3399
4291
4715
3681
4393
4964
4086
4352
4317
4602
4604
3031
3073
3394
3736
3713
4093
3350
3266
3773
3519
4717
3697
4623
4915
4753
3448
3043
3978
3991
4811
4794
4808
3817
4248
3654
4084
3189
4747
3550
4264
3027
4546
3326
4809
3667
4137
4252
4613
4956
4356
3437
4373
4127
3624
4119
3235
4515
3696
4661
3046
3565
4744
3873
3638
3200
3528
3057
4813
3585
3833
3288
4842
4369
4620
3407
4462
3923
3614
4658
4852
3933
4243
4815
3997
4922
4938
4503
3146
4370
4010
3403
4128
4192
3715
4067
3340
3748
4237
4502
4246
3611
4347
3581
3427
3025
4336
4650
4284
3706
4883
4994
3932
3559
3964
4827
3588
3304
4133
4630
3388
3475
4624
4463
4323
3975
4321
4447
3762
4320
4328
4680
4408
3175
3815
3425
3494
4654
3397
4421
3708
4702
3899
3429
3114
3876
4016
4830
4499
3674
3583
4748
4848
3020
3764
4895
4486
4987
3569
4297
4466
3401
3005
3529
4126
3771
3182
4880
3497
3527
4928
4449
3860
3531
3894
3500
3831
4270
3623
4073
4962
3605
3650
4718
4790
4893
4806
4148
4751
4968
3684
3549
4422
3293
3880
3957
3903
4177
3380
3483
3485
4905
3666
4226
4345
3244
4679
4301
3153
4683
3979
4257
3677
3895
3809
3965
3207
4200
3368
3459
3423
3063
4597
3291
4090
4998
3539
4097
3723
4217
4348
4859
3878
4795
4167
4059
4950
3905
3310
4508
3653
4333
3982
3718
4302
3030
4703
4209
4443
3924
3857
4875
4863
3897
3386
3613
3164
3988
3272
4266
3157
3049
4754
4160
4492
4037
4732
3356
3315
3721
3488
4587
3215
3603
3122
3104
4779
4109
4909
4259
3382
4644
3660
4522
4942
3042
4993
4700
4737
4414
3776
4860
3474
3435
3320
3590
3447
3252
3939
4432
4191
4496
4043
4233
4287
3616
4261
3544
3989
3097
3140
4853
3959
3083
3473
3907
4155
3041
3390
3916
4582
4585
3869
3592
3110
4871
3687
3901
4997
4234
4353
4405
3439
4569
3086
4254
3240
4746
3595
3026
3637
3801
3396
4743
3247
4412
4360
3941
3511
4249
3228
3787
4290
4723
4193
4537
3746
3492
3987
4047
3747
3050
3184
3476
3267
3698
4419
3103
3170
4165
3586
3560
3250
4080
3431
3635
4395
3649
4554
4609
3019
3587
3330
4716
4960
3992
4529
4705
3491
4506
3804
3749
3013
3584
4628
4891
3303
4495
4120
4015
4341
4523
3832
4416
4098
4616
4182
3855
4147
3951
3413
3056
3594
4429
4662
3842
3712
3273
3767
4572
4117
4141
3402
3606
4549
4222
4068
4989
4446
4329
3134
3066
3409
4428
4692
3408
4342
4206
3328
3576
3201
4202
4450
4277
3224
3846
4538
3761
3383
4710
4224
4475
4057
3643
3058
3138
4889
3739
3265
3984
4163
4615
3289
4442
4725
4028
4184
3722
3258
4639
3658
4007
3783
3546
3028
3821
4247
4371
4077
3620
3181
3911
3520
3902
4023
3009
3226
3113
3221
4314
3848
3717
4354
4018
4379
3283
4797
4652
3703
4738
3547
4573
4064
3861
4976
3278
3130
4941
3059
4592
3319
4784
4804
4386
4690
4518
4566
4897
3630
3232
3007
4110
4304
4637
3600
4945
4953
4651
3443
3508
3812
3094
3578
4410
4730
3948
4970
4053
4465
4687
4507
3777
3996
3306
3151
4005
3225
4269
4011
3361
3557
3109
3810
3670
4365
3851
3926
4113
4892
4216
3969
4101
4884
3657
4851
4939
4839
3131
3922
3060
4874
4802
3505
4701
3683
3835
3990
4131
4083
3165
3935
4691
3633
4823
4589
4878
3099
3790
4286
4890
4869
4635
4796
4504
4250
4961
4319
3934
3185
3909
4063
4550
4267
4482
3626
3577
4115
3205
3709
4289
3913
4065
3839
4575
4451
4933
3642
4565
3360
4239
4062
4273
3618
3944
4307
4829
3029
4001
4901
3619
4543
4580
3096
4990
4382
4002
3178
4826
3950
3331
4906
3958
4409
3853
3963
3993
4516
3998
3453
4816
4362
4825
3001
3743
3784
4139
4532
3532
4441
4366
3690
4789
3395
4921
4643
3995
4540
4368
4430
3766
3311
4783
3155
3084
3566
3888
3377
3067
3533
4698
3760
3937
3512
3262
3438
4755
4082
4159
3387
3466
3568
4305
4914
3571
3358
4183
4766
4407
3551
3641
4689
4803
3018
4793
4282
3829
3799
3720
4035
4948
4952
4121
4672
4211
3471
4564
3087
3300
4467
4188
3281
4685
3422
3927
4749
4814
3254
4688
3260
3694
3918
4089
4759
3349
3173
3081
4567
3366
4724
3010
4038
4676
4584
3582
4986
4392
4433
3305
3490
3045
3885
4464
3617
3307
3664
3669
3432
4375
4103
4612
4511
3553
3061
3071
3659
4756
3440
4374
3203
3465
3344
3552
4856
4974
4528
4576
4958
4481
4066
4773
4799
3127
3813
3347
4454
4810
3314
4079
3119
3691
4828
4149
3339
4497
3625
4561
4258
3971
4600
3404
3219
4114
3634
3039
4174
4092
3727
3251
4670
3797
4971
4380
3123
4963
3381
3608
3044
3917
4176
4310
4722
3863
3227
3008
3158
4343
3317
4219
4400
3825
4684
4731
3517
3229
4947
3772
4591
3699
3563
3246
4413
3162
3142
4934
3354
3253
3555
3682
4995
4750
4951
3498
3591
4821
4435
3791
4332
3726
3198
4713
3359
4912
4636
4134
4824
4276
3080
3789
3882
4763
4740
4855
3985
3496
4169
4260
3478
4605
3561
4278
3930
3806
4049
3023
3362
3980
3171
4091
4735
3662
4220
4483
3075
4096
4460
3444
4648
3962
4327
3248
4153
4861
4512
3765
3938
3482
4299
4107
3981
4207
4221
3707
3301
3193
4913
3928
4622
3830
3433
3192
4642
4535
4156
4022
3769
4265
4646
4768
3287
4363
4927
4106
3599
4706
3695
4729
3604
3064
3904
4253
3468
4470
4324
4778
3335
3166
4300
4104
4801
3451
4638
3410
4888
3824
3002
4129
3629
4695
3481
3290
4058
3516
3210
4186
3852
4171
3755
4959
3035
4263
3441
3212
4227
3811
3148
4311
4677
4095
4598
3196
3470
4879
3974
3636
3115
3136
4742
4764
4606
3676
4980
3400
3172
4111
4085
3874
4818
3415
4313
4820
4898
4610
4426
3276
4118
4949
3398
4072
4925
4046
3647
4932
4190
4542
4769
4178
4198
3597
3729
4004
3977
4862
4069
3206
4632
3823
4014
3456
3271
3463
3621
4076
3329
4594
3781
4645
4303
3392
3841
4712
3953
3374
3093
4312
4625
3179
3462
4436
3858
3133
3719
3887
4136
3211
4822
3891
4403
3296
4242
4417
3615
3452
3640
3668
3593
4357
3678
4555
3686
3796
4322
3163
4162
3689
3856
3472
3238
3892
3117
4788
4485
3457
4031
3652
4112
3792
3770
4694
3847
3345
4487
4955
4903
4041
4653
3068
3793
4849
3321
3883
4166
4697
3121
4017
4406
4283
4478
3167
3089
3656
4733
4288
4674
4521
4669
3308
3112
3065
4510
4108
3775
4185
3751
4168
4660
4175
3365
3504
3051
4559
4854
4517
3367
4682
3279
4772
3351
3357
4296
3732
4887
4857
4647
4358
4306
3564
3424
3929
4659
4775
3021
3859
4455
4019
3231
3037
4846
4520
3237
3805
4988
3346
3822
3230
3376
3503
4896
4664
4050
3213
3445
3794
4727
4124
3234
3264
3725
3418
4911
4274
4293
3983
4621
4401
4944
4411
3986
3302
3556
4975
3208
4886
4578
3405
3421
3515
4919
4472
4144
4514
4618
4012
4123
3168
3318
4146
4051
3740
3342
4785
3105
4969
4568
4841
3750
3513
4608
3844
3753
3040
3135
3558
3223
4271
4916
3704
3518
3896
4836
3912
3943
3612
4678
4361
4262
4552
3486
4586
4524
3154
4468
3186
3312
3255
4469
3188
3752
4344
4240
4391
4172
4138
3741
3818
3337
3808
4215
3692
3680
4665
3836
3631
4331
3711
4640
3607
3945
4983
4309
3369
3820
4325
3088
3716
3665
3116
3925
4530
4229
3309
3161
4513
3973
4458
4152
4157
3628
4721
4782
3827
3779
3734
4075
4212
4663
4074
4834
4588
4181
3735
4367
3780
3843
3754
4397
3865
4866
4020
4316
4335
3798
3032
3870
3216
4910
3150
3449
3837
4387
4471
3455
4494
3850
3942
4631
4935
3420
3802
4601
4917
4490
4173
3572
4203
4244
4982
4708
3877
4868
4984
3024
4817
4340
3194
3545
3412
3745
4125
3313
4339
4025
4055
4116
3062
3092
4719
4225
4671
3467
3149
3960
3495
3078
3191
4557
4926
4812
4954
3931
3006
4581
3968
4404
3352
4135
4787
4236
4894
3501
4673
4228
3348
4526
4930
4867
3385
4780
4745
3946
4940
3526
4534
3742
3275
3598
4424
3016
4709
3430
3038
4170
3299
4668
4415
3052
4882
4835
4145
3954
3017
4560
4142
3758
3379
4180
3774
4351
4681
3854
4040
3976
3190
3826
4595
3077
4390
3174
4161
4786
4536
4527
3375
3015
4771
4767
4973
3159
4383
4991
3372
3814
3098
3487
3195
3373
4966
3610
3900
3700
4208
4187
3733
3738
4493
3661
4060
3862
4865
4907
4100
4094
4611
3602
3868
3685
3183
3450
4197
3705
3434
3464
3417
4847
4488
3534
3522
3524
3573
3126
4308
4372
3249
4210
3156
4833
3241
4579
4196
4026
4752
3648
3100
4021
3389
4792
3542
3101
4539
4693
3391
3763
4223
3055
3782
4501
3893
4873
4571
3106
4981
3236
3137
4489
3332
4655
4189
3947
4936
3525
3218
4704
4696
3672
4453
4427
4726
3840
4845
4024
3507
3480
3838
3454
3245
4439
3004
4547
3074
4761
3036
4762
3327
4230
4619
4444
4350
3679
3845
3323
4548
4558
3724
3461
3663
4151
4440
4978
4448
4929
3090
3919
4003
3731
4070
3129
3609
4599
4728
4385
3834
3176
3217
4337
4205
4562
3788
3285
4396
3022
3341
4474
3160
4937
3333
3428
4042
3632
3011
3510
4924
4318
3393
4013
3125
3257
3336
3297
4399
4214
4434
4629
3956
4238
4739
3197
4359
4603
3204
3710
3898
3757
4781
4132
4457
4298
4398
3538
3458
4972
3795
4633
4870
3102
3053
4992
3627
4294
4078
4999
3003
4461
4551
4130
3639
4054
3673
4045
4734
4872
3152
3994
3000
