0
1
2
3
4
5
6
7
8
9
10
11
12
13
14
15
16
17
18
19
20
21
22
23
24
25
26
27
28
29
30
31
32
33
34
35
36
37
38
39
40
41
42
43
44
45
46
47
48
49
50
51
52
53
54
55
56
57
58
59
60
61
62
63
64
65
66
67
68
69
70
71
72
73
74
75
76
77
78
79
80
81
82
83
84
85
86
87
88
89
90
91
92
93
94
95
96
97
98
99
100
101
102
103
104
105
106
107
108
109
110
111
112
113
114
115
116
117
118
119
120
121
122
123
124
125
126
127
128
129
130
131
132
133
134
135
136
137
138
139
140
141
142
143
144
145
146
147
148
149
150
151
152
153
154
155
156
157
158
159
160
161
162
163
164
165
166
167
168
169
170
171
172
173
174
175
176
177
178
179
180
181
182
183
184
185
186
187
188
189
190
191
192
193
194
195
196
197
198
199
200
201
202
203
204
205
206
207
208
209
210
211
212
213
214
215
216
217
218
219
220
221
222
223
224
225
226
227
228
229
230
231
232
233
234
235
236
237
238
239
240
241
242
243
244
245
246
247
248
249
250
251
252
253
254
255
256
257
258
259
260
261
262
263
264
265
266
267
268
269
270
271
272
273
274
275
276
277
278
279
280
281
282
283
284
285
286
287
288
289
290
291
292
293
294
295
296
297
298
299
300
301
302
303
304
305
306
307
308
309
310
311
312
313
314
315
316
317
318
319
320
321
322
323
324
325
326
327
328
329
330
331
332
333
334
335
336
337
338
339
340
341
342
343
344
345
346
347
348
349
350
351
352
353
354
355
356
357
358
359
360
361
362
363
364
365
366
367
368
369
370
371
372
373
374
375
376
377
378
379
380
381
382
383
384
385
386
387
388
389
390
391
392
393
394
395
396
397
398
399
400
401
402
403
404
405
406
407
408
409
410
411
412
413
414
415
416
417
418
419
420
421
422
423
424
425
426
427
428
429
430
431
432
433
434
435
436
437
438
439
440
441
442
443
444
445
446
447
448
449
450
451
452
453
454
455
456
457
458
459
460
461
462
463
464
465
466
467
468
469
470
471
472
473
474
475
476
477
478
479
480
481
482
483
484
485
486
487
488
489
490
491
492
493
494
495
496
497
498
499
500
501
502
503
504
505
506
507
508
509
510
511
512
513
514
515
516
517
518
519
520
521
522
523
524
525
526
527
528
529
530
531
532
533
534
535
536
537
538
539
540
541
542
543
544
545
546
547
548
549
550
551
552
553
554
555
556
557
558
559
560
561
562
563
564
565
566
567
568
569
570
571
572
573
574
575
576
577
578
579
580
581
582
583
584
585
586
587
588
589
590
591
592
593
594
595
596
597
598
599
600
601
602
603
604
605
606
607
608
609
610
611
612
613
614
615
616
617
618
619
620
621
622
623
624
625
626
627
628
629
630
631
632
633
634
635
636
637
638
639
640
641
642
643
644
645
646
647
648
649
650
651
652
653
654
655
656
657
658
659
660
661
662
663
664
665
666
667
668
669
670
671
672
673
674
675
676
677
678
679
680
681
682
683
684
685
686
687
688
689
690
691
692
693
694
695
696
697
698
699
700
701
702
703
704
705
706
707
708
709
710
711
712
713
714
715
716
717
718
719
720
721
722
723
724
725
726
727
728
729
730
731
732
733
734
735
736
737
738
739
740
741
742
743
744
745
746
747
748
749
750
751
752
753
754
755
756
757
758
759
760
761
762
763
764
765
766
767
768
769
770
771
772
773
774
775
776
777
778
779
780
781
782
783
784
785
786
787
788
789
790
791
792
793
794
795
796
797
798
799
800
801
802
803
804
805
806
807
808
809
810
811
812
813
814
815
816
817
818
819
820
821
822
823
824
825
826
827
828
829
830
831
832
833
834
835
836
837
838
839
840
841
842
843
844
845
846
847
848
849
850
851
852
853
854
855
856
857
858
859
860
861
862
863
864
865
866
867
868
869
870
871
872
873
874
875
876
877
878
879
880
881
882
883
884
885
886
887
888
889
890
891
892
893
894
895
896
897
898
899
900
901
902
903
904
905
906
907
908
909
910
911
912
913
914
915
916
917
918
919
920
921
922
923
924
925
926
927
928
929
930
931
932
933
934
935
936
937
938
939
940
941
942
943
944
945
946
947
948
949
950
951
952
953
954
955
956
957
958
959
960
961
962
963
964
965
966
967
968
969
970
971
972
973
974
975
976
977
978
979
980
981
982
983
984
985
986
987
988
989
990
991
992
993
994
995
996
997
998
999
1000
1001
1002
1003
1004
1005
1006
1007
1008
1009
1010
1011
1012
1013
1014
1015
1016
1017
1018
1019
1020
1021
1022
1023
1024
1025
1026
1027
1028
1029
1030
1031
1032
1033
1034
1035
1036
1037
1038
1039
1040
1041
1042
1043
1044
1045
1046
1047
1048
1049
1050
1051
1052
1053
1054
1055
1056
1057
1058
1059
1060
1061
1062
1063
1064
1065
1066
1067
1068
1069
1070
1071
1072
1073
1074
1075
1076
1077
1078
1079
1080
1081
1082
1083
1084
1085
1086
1087
1088
1089
1090
1091
1092
1093
1094
1095
1096
1097
1098
1099
1100
1101
1102
1103
1104
1105
1106
1107
1108
1109
1110
1111
1112
1113
1114
1115
1116
1117
1118
1119
1120
1121
1122
1123
1124
1125
1126
1127
1128
1129
1130
1131
1132
1133
1134
1135
1136
1137
1138
1139
1140
1141
1142
1143
1144
1145
1146
1147
1148
1149
1150
1151
1152
1153
1154
1155
1156
1157
1158
1159
1160
1161
1162
1163
1164
1165
1166
1167
1168
1169
1170
1171
1172
1173
1174
1175
1176
1177
1178
1179
1180
1181
1182
1183
1184
1185
1186
1187
1188
1189
1190
1191
1192
1193
1194
1195
1196
1197
1198
1199
1200
1201
1202
1203
1204
1205
1206
1207
1208
1209
1210
1211
1212
1213
1214
1215
1216
1217
1218
1219
1220
1221
1222
1223
1224
1225
1226
1227
1228
1229
1230
1231
1232
1233
1234
1235
1236
1237
1238
1239
1240
1241
1242
1243
1244
1245
1246
1247
1248
1249
1250
1251
1252
1253
1254
1255
1256
1257
1258
1259
1260
1261
1262
1263
1264
1265
1266
1267
1268
1269
1270
1271
1272
1273
1274
1275
1276
1277
1278
1279
1280
1281
1282
1283
1284
1285
1286
1287
1288
1289
1290
1291
1292
1293
1294
1295
1296
1297
1298
1299
1300
1301
1302
1303
1304
1305
1306
1307
1308
1309
1310
1311
1312
1313
1314
1315
1316
1317
1318
1319
1320
1321
1322
1323
1324
1325
1326
1327
1328
1329
1330
1331
1332
1333
1334
1335
1336
1337
1338
1339
1340
1341
1342
1343
1344
1345
1346
1347
1348
1349
1350
1351
1352
1353
1354
1355
1356
1357
1358
1359
1360
1361
1362
1363
1364
1365
1366
1367
1368
1369
1370
1371
1372
1373
1374
1375
1376
1377
1378
1379
1380
1381
1382
1383
1384
1385
1386
1387
1388
1389
1390
1391
1392
1393
1394
1395
1396
1397
1398
1399
1400
1401
1402
1403
1404
1405
1406
1407
1408
1409
1410
1411
1412
1413
1414
1415
1416
1417
1418
1419
1420
1421
1422
1423
1424
1425
1426
1427
1428
1429
1430
1431
1432
1433
1434
1435
1436
1437
1438
1439
1440
1441
1442
1443
1444
1445
1446
1447
1448
1449
1450
1451
1452
1453
1454
1455
1456
1457
1458
1459
1460
1461
1462
1463
1464
1465
1466
1467
1468
1469
1470
1471
1472
1473
1474
1475
1476
1477
1478
1479
1480
1481
1482
1483
1484
1485
1486
1487
1488
1489
1490
1491
1492
1493
1494
1495
1496
1497
1498
1499
1500
1501
1502
1503
1504
1505
1506
1507
1508
1509
1510
1511
1512
1513
1514
1515
1516
1517
1518
1519
1520
1521
1522
1523
1524
1525
1526
1527
1528
1529
1530
1531
1532
1533
1534
1535
1536
1537
1538
1539
1540
1541
1542
1543
1544
1545
1546
1547
1548
1549
1550
1551
1552
1553
1554
1555
1556
1557
1558
1559
1560
1561
1562
1563
1564
1565
1566
1567
1568
1569
1570
1571
1572
1573
1574
1575
1576
1577
1578
1579
1580
1581
1582
1583
1584
1585
1586
1587
1588
1589
1590
1591
1592
1593
1594
1595
1596
1597
1598
1599
1600
1601
1602
1603
1604
1605
1606
1607
1608
1609
1610
1611
1612
1613
1614
1615
1616
1617
1618
1619
1620
1621
1622
1623
1624
1625
1626
1627
1628
1629
1630
1631
1632
1633
1634
1635
1636
1637
1638
1639
1640
1641
1642
1643
1644
1645
1646
1647
1648
1649
1650
1651
1652
1653
1654
1655
1656
1657
1658
1659
1660
1661
1662
1663
1664
1665
1666
1667
1668
1669
1670
1671
1672
1673
1674
1675
1676
1677
1678
1679
1680
1681
1682
1683
1684
1685
1686
1687
1688
1689
1690
1691
1692
1693
1694
1695
1696
1697
1698
1699
1700
1701
1702
1703
1704
1705
1706
1707
1708
1709
1710
1711
1712
1713
1714
1715
1716
1717
1718
1719
1720
1721
1722
1723
1724
1725
1726
1727
1728
1729
1730
1731
1732
1733
1734
1735
1736
1737
1738
1739
1740
1741
1742
1743
1744
1745
1746
1747
1748
1749
1750
1751
1752
1753
1754
1755
1756
1757
1758
1759
1760
1761
1762
1763
1764
1765
1766
1767
1768
1769
1770
1771
1772
1773
1774
1775
1776
1777
1778
1779
1780
1781
1782
1783
1784
1785
1786
1787
1788
1789
1790
1791
1792
1793
1794
1795
1796
1797
1798
1799
1800
1801
1802
1803
1804
1805
1806
1807
1808
1809
1810
1811
1812
1813
1814
1815
1816
1817
1818
1819
1820
1821
1822
1823
1824
1825
1826
1827
1828
1829
1830
1831
1832
1833
1834
1835
1836
1837
1838
1839
1840
1841
1842
1843
1844
1845
1846
1847
1848
1849
1850
1851
1852
1853
1854
1855
1856
1857
1858
1859
1860
1861
1862
1863
1864
1865
1866
1867
1868
1869
1870
1871
1872
1873
1874
1875
1876
1877
1878
1879
1880
1881
1882
1883
1884
1885
1886
1887
1888
1889
1890
1891
1892
1893
1894
1895
1896
1897
1898
1899
1900
1901
1902
1903
1904
1905
1906
1907
1908
1909
1910
1911
1912
1913
1914
1915
1916
1917
1918
1919
1920
1921
1922
1923
1924
1925
1926
1927
1928
1929
1930
1931
1932
1933
1934
1935
1936
1937
1938
1939
1940
1941
1942
1943
1944
1945
1946
1947
1948
1949
1950
1951
1952
1953
1954
1955
1956
1957
1958
1959
1960
1961
1962
1963
1964
1965
1966
1967
1968
1969
1970
1971
1972
1973
1974
1975
1976
1977
1978
1979
1980
1981
1982
1983
1984
1985
1986
1987
1988
1989
1990
1991
1992
1993
1994
1995
1996
1997
1998
1999
2000
2001
2002
2003
2004
2005
2006
2007
2008
2009
2010
2011
2012
2013
2014
2015
2016
2017
2018
2019
2020
2021
2022
2023
2024
2025
2026
2027
2028
2029
2030
2031
2032
2033
2034
2035
2036
2037
2038
2039
2040
2041
2042
2043
2044
2045
2046
2047
2048
2049
2050
2051
2052
2053
2054
2055
2056
2057
2058
2059
2060
2061
2062
2063
2064
2065
2066
2067
2068
2069
2070
2071
2072
2073
2074
2075
2076
2077
2078
2079
2080
2081
2082
2083
2084
2085
2086
2087
2088
2089
2090
2091
2092
2093
2094
2095
2096
2097
2098
2099
2100
2101
2102
2103
2104
2105
2106
2107
2108
2109
2110
2111
2112
2113
2114
2115
2116
2117
2118
2119
2120
2121
2122
2123
2124
2125
2126
2127
2128
2129
2130
2131
2132
2133
2134
2135
2136
2137
2138
2139
2140
2141
2142
2143
2144
2145
2146
2147
2148
2149
2150
2151
2152
2153
2154
2155
2156
2157
2158
2159
2160
2161
2162
2163
2164
2165
2166
2167
2168
2169
2170
2171
2172
2173
2174
2175
2176
2177
2178
2179
2180
2181
2182
2183
2184
2185
2186
2187
2188
2189
2190
2191
2192
2193
2194
2195
2196
2197
2198
2199
2200
2201
2202
2203
2204
2205
2206
2207
2208
2209
2210
2211
2212
2213
2214
2215
2216
2217
2218
2219
2220
2221
2222
2223
2224
2225
2226
2227
2228
2229
2230
2231
2232
2233
2234
2235
2236
2237
2238
2239
2240
2241
2242
2243
2244
2245
2246
2247
2248
2249
2250
2251
2252
2253
2254
2255
2256
2257
2258
2259
2260
2261
2262
2263
2264
2265
2266
2267
2268
2269
2270
2271
2272
2273
2274
2275
2276
2277
2278
2279
2280
2281
2282
2283
2284
2285
2286
2287
2288
2289
2290
2291
2292
2293
2294
2295
2296
2297
2298
2299
2300
2301
2302
2303
2304
2305
2306
2307
2308
2309
2310
2311
2312
2313
2314
2315
2316
2317
2318
2319
2320
2321
2322
2323
2324
2325
2326
2327
2328
2329
2330
2331
2332
2333
2334
2335
2336
2337
2338
2339
2340
2341
2342
2343
2344
2345
2346
2347
2348
2349
2350
2351
2352
2353
2354
2355
2356
2357
2358
2359
2360
2361
2362
2363
2364
2365
2366
2367
2368
2369
2370
2371
2372
2373
2374
2375
2376
2377
2378
2379
2380
2381
2382
2383
2384
2385
2386
2387
2388
2389
2390
2391
2392
2393
2394
2395
2396
2397
2398
2399
2400
2401
2402
2403
2404
2405
2406
2407
2408
2409
2410
2411
2412
2413
2414
2415
2416
2417
2418
2419
2420
2421
2422
2423
2424
2425
2426
2427
2428
2429
2430
2431
2432
2433
2434
2435
2436
2437
2438
2439
2440
2441
2442
2443
2444
2445
2446
2447
2448
2449
2450
2451
2452
2453
2454
2455
2456
2457
2458
2459
2460
2461
2462
2463
2464
2465
2466
2467
2468
2469
2470
2471
2472
2473
2474
2475
2476
2477
2478
2479
2480
2481
2482
2483
2484
2485
2486
2487
2488
2489
2490
2491
2492
2493
2494
2495
2496
2497
2498
2499
2500
2501
2502
2503
2504
2505
2506
2507
2508
2509
2510
2511
2512
2513
2514
2515
2516
2517
2518
2519
2520
2521
2522
2523
2524
2525
2526
2527
2528
2529
2530
2531
2532
2533
2534
2535
2536
2537
2538
2539
2540
2541
2542
2543
2544
2545
2546
2547
2548
2549
2550
2551
2552
2553
2554
2555
2556
2557
2558
2559
2560
2561
2562
2563
2564
2565
2566
2567
2568
2569
2570
2571
2572
2573
2574
2575
2576
2577
2578
2579
2580
2581
2582
2583
2584
2585
2586
2587
2588
2589
2590
2591
2592
2593
2594
2595
2596
2597
2598
2599
2600
2601
2602
2603
2604
2605
2606
2607
2608
2609
2610
2611
2612
2613
2614
2615
2616
2617
2618
2619
2620
2621
2622
2623
2624
2625
2626
2627
2628
2629
2630
2631
2632
2633
2634
2635
2636
2637
2638
2639
2640
2641
2642
2643
2644
2645
2646
2647
2648
2649
2650
2651
2652
2653
2654
2655
2656
2657
2658
2659
2660
2661
2662
2663
2664
2665
2666
2667
2668
2669
2670
2671
2672
2673
2674
2675
2676
2677
2678
2679
2680
2681
2682
2683
2684
2685
2686
2687
2688
2689
2690
2691
2692
2693
2694
2695
2696
2697
2698
2699
2700
2701
2702
2703
2704
2705
2706
2707
2708
2709
2710
2711
2712
2713
2714
2715
2716
2717
2718
2719
2720
2721
2722
2723
2724
2725
2726
2727
2728
2729
2730
2731
2732
2733
2734
2735
2736
2737
2738
2739
2740
2741
2742
2743
2744
2745
2746
2747
2748
2749
2750
2751
2752
2753
2754
2755
2756
2757
2758
2759
2760
2761
2762
2763
2764
2765
2766
2767
2768
2769
2770
2771
2772
2773
2774
2775
2776
2777
2778
2779
2780
2781
2782
2783
2784
2785
2786
2787
2788
2789
2790
2791
2792
2793
2794
2795
2796
2797
2798
2799
2800
2801
2802
2803
2804
2805
2806
2807
2808
2809
2810
2811
2812
2813
2814
2815
2816
2817
2818
2819
2820
2821
2822
2823
2824
2825
2826
2827
2828
2829
2830
2831
2832
2833
2834
2835
2836
2837
2838
2839
2840
2841
2842
2843
2844
2845
2846
2847
2848
2849
2850
2851
2852
2853
2854
2855
2856
2857
2858
2859
2860
2861
2862
2863
2864
2865
2866
2867
2868
2869
2870
2871
2872
2873
2874
2875
2876
2877
2878
2879
2880
2881
2882
2883
2884
2885
2886
2887
2888
2889
2890
2891
2892
2893
2894
2895
2896
2897
2898
2899
2900
2901
2902
2903
2904
2905
2906
2907
2908
2909
2910
2911
2912
2913
2914
2915
2916
2917
2918
2919
2920
2921
2922
2923
2924
2925
2926
2927
2928
2929
2930
2931
2932
2933
2934
2935
2936
2937
2938
2939
2940
2941
2942
2943
2944
2945
2946
2947
2948
2949
2950
2951
2952
2953
2954
2955
2956
2957
2958
2959
2960
2961
2962
2963
2964
2965
2966
2967
2968
2969
2970
2971
2972
2973
2974
2975
2976
2977
2978
2979
2980
2981
2982
2983
2984
2985
2986
2987
2988
2989
2990
2991
2992
2993
2994
2995
2996
2997
2998
2999
3000
3001
3002
3003
3004
3005
3006
3007
3008
3009
3010
3011
3012
3013
3014
3015
3016
3017
3018
3019
3020
3021
3022
3023
3024
3025
3026
3027
3028
3029
3030
3031
3032
3033
3034
3035
3036
3037
3038
3039
3040
3041
3042
3043
3044
3045
3046
3047
3048
3049
3050
3051
3052
3053
3054
3055
3056
3057
3058
3059
3060
3061
3062
3063
3064
3065
3066
3067
3068
3069
3070
3071
3072
3073
3074
3075
3076
3077
3078
3079
3080
3081
3082
3083
3084
3085
3086
3087
3088
3089
3090
3091
3092
3093
3094
3095
3096
3097
3098
3099
3100
3101
3102
3103
3104
3105
3106
3107
3108
3109
3110
3111
3112
3113
3114
3115
3116
3117
3118
3119
3120
3121
3122
3123
3124
3125
3126
3127
3128
3129
3130
3131
3132
3133
3134
3135
3136
3137
3138
3139
3140
3141
3142
3143
3144
3145
3146
3147
3148
3149
3150
3151
3152
3153
3154
3155
3156
3157
3158
3159
3160
3161
3162
3163
3164
3165
3166
3167
3168
3169
3170
3171
3172
3173
3174
3175
3176
3177
3178
3179
3180
3181
3182
3183
3184
3185
3186
3187
3188
3189
3190
3191
3192
3193
3194
3195
3196
3197
3198
3199
3200
3201
3202
3203
3204
3205
3206
3207
3208
3209
3210
3211
3212
3213
3214
3215
3216
3217
3218
3219
3220
3221
3222
3223
3224
3225
3226
3227
3228
3229
3230
3231
3232
3233
3234
3235
3236
3237
3238
3239
3240
3241
3242
3243
3244
3245
3246
3247
3248
3249
3250
3251
3252
3253
3254
3255
3256
3257
3258
3259
3260
3261
3262
3263
3264
3265
3266
3267
3268
3269
3270
3271
3272
3273
3274
3275
3276
3277
3278
3279
3280
3281
3282
3283
3284
3285
3286
3287
3288
3289
3290
3291
3292
3293
3294
3295
3296
3297
3298
3299
3300
3301
3302
3303
3304
3305
3306
3307
3308
3309
3310
3311
3312
3313
3314
3315
3316
3317
3318
3319
3320
3321
3322
3323
3324
3325
3326
3327
3328
3329
3330
3331
3332
3333
3334
3335
3336
3337
3338
3339
3340
3341
3342
3343
3344
3345
3346
3347
3348
3349
3350
3351
3352
3353
3354
3355
3356
3357
3358
3359
3360
3361
3362
3363
3364
3365
3366
3367
3368
3369
3370
3371
3372
3373
3374
3375
3376
3377
3378
3379
3380
3381
3382
3383
3384
3385
3386
3387
3388
3389
3390
3391
3392
3393
3394
3395
3396
3397
3398
3399
3400
3401
3402
3403
3404
3405
3406
3407
3408
3409
3410
3411
3412
3413
3414
3415
3416
3417
3418
3419
3420
3421
3422
3423
3424
3425
3426
3427
3428
3429
3430
3431
3432
3433
3434
3435
3436
3437
3438
3439
3440
3441
3442
3443
3444
3445
3446
3447
3448
3449
3450
3451
3452
3453
3454
3455
3456
3457
3458
3459
3460
3461
3462
3463
3464
3465
3466
3467
3468
3469
3470
3471
3472
3473
3474
3475
3476
3477
3478
3479
3480
3481
3482
3483
3484
3485
3486
3487
3488
3489
3490
3491
3492
3493
3494
3495
3496
3497
3498
3499
3500
3501
3502
3503
3504
3505
3506
3507
3508
3509
3510
3511
3512
3513
3514
3515
3516
3517
3518
3519
3520
3521
3522
3523
3524
3525
3526
3527
3528
3529
3530
3531
3532
3533
3534
3535
3536
3537
3538
3539
3540
3541
3542
3543
3544
3545
3546
3547
3548
3549
3550
3551
3552
3553
3554
3555
3556
3557
3558
3559
3560
3561
3562
3563
3564
3565
3566
3567
3568
3569
3570
3571
3572
3573
3574
3575
3576
3577
3578
3579
3580
3581
3582
3583
3584
3585
3586
3587
3588
3589
3590
3591
3592
3593
3594
3595
3596
3597
3598
3599
3600
3601
3602
3603
3604
3605
3606
3607
3608
3609
3610
3611
3612
3613
3614
3615
3616
3617
3618
3619
3620
3621
3622
3623
3624
3625
3626
3627
3628
3629
3630
3631
3632
3633
3634
3635
3636
3637
3638
3639
3640
3641
3642
3643
3644
3645
3646
3647
3648
3649
3650
3651
3652
3653
3654
3655
3656
3657
3658
3659
3660
3661
3662
3663
3664
3665
3666
3667
3668
3669
3670
3671
3672
3673
3674
3675
3676
3677
3678
3679
3680
3681
3682
3683
3684
3685
3686
3687
3688
3689
3690
3691
3692
3693
3694
3695
3696
3697
3698
3699
3700
3701
3702
3703
3704
3705
3706
3707
3708
3709
3710
3711
3712
3713
3714
3715
3716
3717
3718
3719
3720
3721
3722
3723
3724
3725
3726
3727
3728
3729
3730
3731
3732
3733
3734
3735
3736
3737
3738
3739
3740
3741
3742
3743
3744
3745
3746
3747
3748
3749
3750
3751
3752
3753
3754
3755
3756
3757
3758
3759
3760
3761
3762
3763
3764
3765
3766
3767
3768
3769
3770
3771
3772
3773
3774
3775
3776
3777
3778
3779
3780
3781
3782
3783
3784
3785
3786
3787
3788
3789
3790
3791
3792
3793
3794
3795
3796
3797
3798
3799
3800
3801
3802
3803
3804
3805
3806
3807
3808
3809
3810
3811
3812
3813
3814
3815
3816
3817
3818
3819
3820
3821
3822
3823
3824
3825
3826
3827
3828
3829
3830
3831
3832
3833
3834
3835
3836
3837
3838
3839
3840
3841
3842
3843
3844
3845
3846
3847
3848
3849
3850
3851
3852
3853
3854
3855
3856
3857
3858
3859
3860
3861
3862
3863
3864
3865
3866
3867
3868
3869
3870
3871
3872
3873
3874
3875
3876
3877
3878
3879
3880
3881
3882
3883
3884
3885
3886
3887
3888
3889
3890
3891
3892
3893
3894
3895
3896
3897
3898
3899
3900
3901
3902
3903
3904
3905
3906
3907
3908
3909
3910
3911
3912
3913
3914
3915
3916
3917
3918
3919
3920
3921
3922
3923
3924
3925
3926
3927
3928
3929
3930
3931
3932
3933
3934
3935
3936
3937
3938
3939
3940
3941
3942
3943
3944
3945
3946
3947
3948
3949
3950
3951
3952
3953
3954
3955
3956
3957
3958
3959
3960
3961
3962
3963
3964
3965
3966
3967
3968
3969
3970
3971
3972
3973
3974
3975
3976
3977
3978
3979
3980
3981
3982
3983
3984
3985
3986
3987
3988
3989
3990
3991
3992
3993
3994
3995
3996
3997
3998
3999
4000
4001
4002
4003
4004
4005
4006
4007
4008
4009
4010
4011
4012
4013
4014
4015
4016
4017
4018
4019
4020
4021
4022
4023
4024
4025
4026
4027
4028
4029
4030
4031
4032
4033
4034
4035
4036
4037
4038
4039
4040
4041
4042
4043
4044
4045
4046
4047
4048
4049
4050
4051
4052
4053
4054
4055
4056
4057
4058
4059
4060
4061
4062
4063
4064
4065
4066
4067
4068
4069
4070
4071
4072
4073
4074
4075
4076
4077
4078
4079
4080
4081
4082
4083
4084
4085
4086
4087
4088
4089
4090
4091
4092
4093
4094
4095
4096
4097
4098
4099
4100
4101
4102
4103
4104
4105
4106
4107
4108
4109
4110
4111
4112
4113
4114
4115
4116
4117
4118
4119
4120
4121
4122
4123
4124
4125
4126
4127
4128
4129
4130
4131
4132
4133
4134
4135
4136
4137
4138
4139
4140
4141
4142
4143
4144
4145
4146
4147
4148
4149
4150
4151
4152
4153
4154
4155
4156
4157
4158
4159
4160
4161
4162
4163
4164
4165
4166
4167
4168
4169
4170
4171
4172
4173
4174
4175
4176
4177
4178
4179
4180
4181
4182
4183
4184
4185
4186
4187
4188
4189
4190
4191
4192
4193
4194
4195
4196
4197
4198
4199
4200
4201
4202
4203
4204
4205
4206
4207
4208
4209
4210
4211
4212
4213
4214
4215
4216
4217
4218
4219
4220
4221
4222
4223
4224
4225
4226
4227
4228
4229
4230
4231
4232
4233
4234
4235
4236
4237
4238
4239
4240
4241
4242
4243
4244
4245
4246
4247
4248
4249
4250
4251
4252
4253
4254
4255
4256
4257
4258
4259
4260
4261
4262
4263
4264
4265
4266
4267
4268
4269
4270
4271
4272
4273
4274
4275
4276
4277
4278
4279
4280
4281
4282
4283
4284
4285
4286
4287
4288
4289
4290
4291
4292
4293
4294
4295
4296
4297
4298
4299
4300
4301
4302
4303
4304
4305
4306
4307
4308
4309
4310
4311
4312
4313
4314
4315
4316
4317
4318
4319
4320
4321
4322
4323
4324
4325
4326
4327
4328
4329
4330
4331
4332
4333
4334
4335
4336
4337
4338
4339
4340
4341
4342
4343
4344
4345
4346
4347
4348
4349
4350
4351
4352
4353
4354
4355
4356
4357
4358
4359
4360
4361
4362
4363
4364
4365
4366
4367
4368
4369
4370
4371
4372
4373
4374
4375
4376
4377
4378
4379
4380
4381
4382
4383
4384
4385
4386
4387
4388
4389
4390
4391
4392
4393
4394
4395
4396
4397
4398
4399
4400
4401
4402
4403
4404
4405
4406
4407
4408
4409
4410
4411
4412
4413
4414
4415
4416
4417
4418
4419
4420
4421
4422
4423
4424
4425
4426
4427
4428
4429
4430
4431
4432
4433
4434
4435
4436
4437
4438
4439
4440
4441
4442
4443
4444
4445
4446
4447
4448
4449
4450
4451
4452
4453
4454
4455
4456
4457
4458
4459
4460
4461
4462
4463
4464
4465
4466
4467
4468
4469
4470
4471
4472
4473
4474
4475
4476
4477
4478
4479
4480
4481
4482
4483
4484
4485
4486
4487
4488
4489
4490
4491
4492
4493
4494
4495
4496
4497
4498
4499
4500
4501
4502
4503
4504
4505
4506
4507
4508
4509
4510
4511
4512
4513
4514
4515
4516
4517
4518
4519
4520
4521
4522
4523
4524
4525
4526
4527
4528
4529
4530
4531
4532
4533
4534
4535
4536
4537
4538
4539
4540
4541
4542
4543
4544
4545
4546
4547
4548
4549
4550
4551
4552
4553
4554
4555
4556
4557
4558
4559
4560
4561
4562
4563
4564
4565
4566
4567
4568
4569
4570
4571
4572
4573
4574
4575
4576
4577
4578
4579
4580
4581
4582
4583
4584
4585
4586
4587
4588
4589
4590
4591
4592
4593
4594
4595
4596
4597
4598
4599
4600
4601
4602
4603
4604
4605
4606
4607
4608
4609
4610
4611
4612
4613
4614
4615
4616
4617
4618
4619
4620
4621
4622
4623
4624
4625
4626
4627
4628
4629
4630
4631
4632
4633
4634
4635
4636
4637
4638
4639
4640
4641
4642
4643
4644
4645
4646
4647
4648
4649
4650
4651
4652
4653
4654
4655
4656
4657
4658
4659
4660
4661
4662
4663
4664
4665
4666
4667
4668
4669
4670
4671
4672
4673
4674
4675
4676
4677
4678
4679
4680
4681
4682
4683
4684
4685
4686
4687
4688
4689
4690
4691
4692
4693
4694
4695
4696
4697
4698
4699
4700
4701
4702
4703
4704
4705
4706
4707
4708
4709
4710
4711
4712
4713
4714
4715
4716
4717
4718
4719
4720
4721
4722
4723
4724
4725
4726
4727
4728
4729
4730
4731
4732
4733
4734
4735
4736
4737
4738
4739
4740
4741
4742
4743
4744
4745
4746
4747
4748
4749
4750
4751
4752
4753
4754
4755
4756
4757
4758
4759
4760
4761
4762
4763
4764
4765
4766
4767
4768
4769
4770
4771
4772
4773
4774
4775
4776
4777
4778
4779
4780
4781
4782
4783
4784
4785
4786
4787
4788
4789
4790
4791
4792
4793
4794
4795
4796
4797
4798
4799
4800
4801
4802
4803
4804
4805
4806
4807
4808
4809
4810
4811
4812
4813
4814
4815
4816
4817
4818
4819
4820
4821
4822
4823
4824
4825
4826
4827
4828
4829
4830
4831
4832
4833
4834
4835
4836
4837
4838
4839
4840
4841
4842
4843
4844
4845
4846
4847
4848
4849
4850
4851
4852
4853
4854
4855
4856
4857
4858
4859
4860
4861
4862
4863
4864
4865
4866
4867
4868
4869
4870
4871
4872
4873
4874
4875
4876
4877
4878
4879
4880
4881
4882
4883
4884
4885
4886
4887
4888
4889
4890
4891
4892
4893
4894
4895
4896
4897
4898
4899
4900
4901
4902
4903
4904
4905
4906
4907
4908
4909
4910
4911
4912
4913
4914
4915
4916
4917
4918
4919
4920
4921
4922
4923
4924
4925
4926
4927
4928
4929
4930
4931
4932
4933
4934
4935
4936
4937
4938
4939
4940
4941
4942
4943
4944
4945
4946
4947
4948
4949
4950
4951
4952
4953
4954
4955
4956
4957
4958
4959
4960
4961
4962
4963
4964
4965
4966
4967
4968
4969
4970
4971
4972
4973
4974
4975
4976
4977
4978
4979
4980
4981
4982
4983
4984
4985
4986
4987
4988
4989
4990
4991
4992
4993
4994
4995
4996
4997
4998
4999
5000
5001
5002
5003
5004
5005
5006
5007
5008
5009
5010
5011
5012
5013
5014
5015
5016
5017
5018
5019
5020
5021
5022
5023
5024
5025
5026
5027
5028
5029
5030
5031
5032
5033
5034
5035
5036
5037
5038
5039
5040
5041
5042
5043
5044
5045
5046
5047
5048
5049
5050
5051
5052
5053
5054
5055
5056
5057
5058
5059
5060
5061
5062
5063
5064
5065
5066
5067
5068
5069
5070
5071
5072
5073
5074
5075
5076
5077
5078
5079
5080
5081
5082
5083
5084
5085
5086
5087
5088
5089
5090
5091
5092
5093
5094
5095
5096
5097
5098
5099
5100
5101
5102
5103
5104
5105
5106
5107
5108
5109
5110
5111
5112
5113
5114
5115
5116
5117
5118
5119
5120
5121
5122
5123
5124
5125
5126
5127
5128
5129
5130
5131
5132
5133
5134
5135
5136
5137
5138
5139
5140
5141
5142
5143
5144
5145
5146
5147
5148
5149
5150
5151
5152
5153
5154
5155
5156
5157
5158
5159
5160
5161
5162
5163
5164
5165
5166
5167
5168
5169
5170
5171
5172
5173
5174
5175
5176
5177
5178
5179
5180
5181
5182
5183
5184
5185
5186
5187
5188
5189
5190
5191
5192
5193
5194
5195
5196
5197
5198
5199
5200
5201
5202
5203
5204
5205
5206
5207
5208
5209
5210
5211
5212
5213
5214
5215
5216
5217
5218
5219
5220
5221
5222
5223
5224
5225
5226
5227
5228
5229
5230
5231
5232
5233
5234
5235
5236
5237
5238
5239
5240
5241
5242
5243
5244
5245
5246
5247
5248
5249
5250
5251
5252
5253
5254
5255
5256
5257
5258
5259
5260
5261
5262
5263
5264
5265
5266
5267
5268
5269
5270
5271
5272
5273
5274
5275
5276
5277
5278
5279
5280
5281
5282
5283
5284
5285
5286
5287
5288
5289
5290
5291
5292
5293
5294
5295
5296
5297
5298
5299
5300
5301
5302
5303
5304
5305
5306
5307
5308
5309
5310
5311
5312
5313
5314
5315
5316
5317
5318
5319
5320
5321
5322
5323
5324
5325
5326
5327
5328
5329
5330
5331
5332
5333
5334
5335
5336
5337
5338
5339
5340
5341
5342
5343
5344
5345
5346
5347
5348
5349
5350
5351
5352
5353
5354
5355
5356
5357
5358
5359
5360
5361
5362
5363
5364
5365
5366
5367
5368
5369
5370
5371
5372
5373
5374
5375
5376
5377
5378
5379
5380
5381
5382
5383
5384
5385
5386
5387
5388
5389
5390
5391
5392
5393
5394
5395
5396
5397
5398
5399
5400
5401
5402
5403
5404
5405
5406
5407
5408
5409
5410
5411
5412
5413
5414
5415
5416
5417
5418
5419
5420
5421
5422
5423
5424
5425
5426
5427
5428
5429
5430
5431
5432
5433
5434
5435
5436
5437
5438
5439
5440
5441
5442
5443
5444
5445
5446
5447
5448
5449
5450
5451
5452
5453
5454
5455
5456
5457
5458
5459
5460
5461
5462
5463
5464
5465
5466
5467
5468
5469
5470
5471
5472
5473
5474
5475
5476
5477
5478
5479
5480
5481
5482
5483
5484
5485
5486
5487
5488
5489
5490
5491
5492
5493
5494
5495
5496
5497
5498
5499
5500
5501
5502
5503
5504
5505
5506
5507
5508
5509
5510
5511
5512
5513
5514
5515
5516
5517
5518
5519
5520
5521
5522
5523
5524
5525
5526
5527
5528
5529
5530
5531
5532
5533
5534
5535
5536
5537
5538
5539
5540
5541
5542
5543
5544
5545
5546
5547
5548
5549
5550
5551
5552
5553
5554
5555
5556
5557
5558
5559
5560
5561
5562
5563
5564
5565
5566
5567
5568
5569
5570
5571
5572
5573
5574
5575
5576
5577
5578
5579
5580
5581
5582
5583
5584
5585
5586
5587
5588
5589
5590
5591
5592
5593
5594
5595
5596
5597
5598
5599
5600
5601
5602
5603
5604
5605
5606
5607
5608
5609
5610
5611
5612
5613
5614
5615
5616
5617
5618
5619
5620
5621
5622
5623
5624
5625
5626
5627
5628
5629
5630
5631
5632
5633
5634
5635
5636
5637
5638
5639
5640
5641
5642
5643
5644
5645
5646
5647
5648
5649
5650
5651
5652
5653
5654
5655
5656
5657
5658
5659
5660
5661
5662
5663
5664
5665
5666
5667
5668
5669
5670
5671
5672
5673
5674
5675
5676
5677
5678
5679
5680
5681
5682
5683
5684
5685
5686
5687
5688
5689
5690
5691
5692
5693
5694
5695
5696
5697
5698
5699
5700
5701
5702
5703
5704
5705
5706
5707
5708
5709
5710
5711
5712
5713
5714
5715
5716
5717
5718
5719
5720
5721
5722
5723
5724
5725
5726
5727
5728
5729
5730
5731
5732
5733
5734
5735
5736
5737
5738
5739
5740
5741
5742
5743
5744
5745
5746
5747
5748
5749
5750
5751
5752
5753
5754
5755
5756
5757
5758
5759
5760
5761
5762
5763
5764
5765
5766
5767
5768
5769
5770
5771
5772
5773
5774
5775
5776
5777
5778
5779
5780
5781
5782
5783
5784
5785
5786
5787
5788
5789
5790
5791
5792
5793
5794
5795
5796
5797
5798
5799
5800
5801
5802
5803
5804
5805
5806
5807
5808
5809
5810
5811
5812
5813
5814
5815
5816
5817
5818
5819
5820
5821
5822
5823
5824
5825
5826
5827
5828
5829
5830
5831
5832
5833
5834
5835
5836
5837
5838
5839
5840
5841
5842
5843
5844
5845
5846
5847
5848
5849
5850
5851
5852
5853
5854
5855
5856
5857
5858
5859
5860
5861
5862
5863
5864
5865
5866
5867
5868
5869
5870
5871
5872
5873
5874
5875
5876
5877
5878
5879
5880
5881
5882
5883
5884
5885
5886
5887
5888
5889
5890
5891
5892
5893
5894
5895
5896
5897
5898
5899
5900
5901
5902
5903
5904
5905
5906
5907
5908
5909
5910
5911
5912
5913
5914
5915
5916
5917
5918
5919
5920
5921
5922
5923
5924
5925
5926
5927
5928
5929
5930
5931
5932
5933
5934
5935
5936
5937
5938
5939
5940
5941
5942
5943
5944
5945
5946
5947
5948
5949
5950
5951
5952
5953
5954
5955
5956
5957
5958
5959
5960
5961
5962
5963
5964
5965
5966
5967
5968
5969
5970
5971
5972
5973
5974
5975
5976
5977
5978
5979
5980
5981
5982
5983
5984
5985
5986
5987
5988
5989
5990
5991
5992
5993
5994
5995
5996
5997
5998
5999
6592
6755
8427
9897
6426
9931
9534
7495
8770
8886
9830
7907
6226
9732
7883
6747
6880
9640
6148
8889
6355
7275
9107
7879
8574
7550
6995
6006
9512
6418
6852
7277
9008
9957
6692
6063
9988
9610
9345
9818
6688
8107
7872
6962
6873
8373
6112
6511
8893
9701
9733
6254
7942
7906
6440
7456
8374
6683
9660
8887
9684
8493
9644
7866
7236
6898
8538
7556
6805
8447
6193
7028
6971
9961
9266
9901
8419
8053
7733
7113
7593
6120
7818
7861
7555
9758
9453
9247
8085
6030
9735
7625
6471
9690
9824
6658
9816
9142
8377
8982
8765
7265
9867
7350
7130
7793
7346
6609
7009
6933
6025
9313
6043
9849
8851
9212
6155
9958
7636
9569
9329
8792
8282
9405
8602
8492
8082
9150
8390
9262
7594
7021
8516
6586
7385
9662
6275
6438
7223
8225
9647
6009
7032
7864
7623
8515
8024
7803
8821
8914
7775
8660
8170
8819
9034
6987
7479
9457
6575
6711
8699
7923
9614
6252
7155
6812
7678
7074
6728
8174
8706
7247
7626
7048
9980
8585
8443
8760
6492
7871
8183
8310
6509
8295
6899
9581
8345
7680
8146
8441
7838
8531
9162
9157
6089
6094
9210
9904
8998
7460
9974
9821
6601
6304
7344
7648
9872
8460
6315
8360
7903
9145
7342
8071
6961
7992
7917
7441
7118
6792
6521
7389
8303
9141
9841
9717
9950
8993
8503
7134
9994
8864
9930
9938
6338
8449
8252
7668
7279
8289
7954
9772
6945
7140
8619
7736
6919
9837
8147
9557
7846
8962
7496
9039
7321
8498
8971
7918
7639
6969
6710
6570
7863
7476
6320
6293
6150
6901
9528
7474
8143
9256
8259
9574
6646
6192
7959
8428
8484
9151
9104
8884
7718
6582
6991
8625
6719
7217
9176
7358
9233
8917
8408
7978
9548
8161
8485
7974
6004
7000
6686
7665
6332
8909
6788
7882
7860
8552
9057
8733
9615
9746
7133
7854
8525
7098
6231
6628
6230
6379
7349
6776
8464
6323
6821
9914
8367
7387
6251
7517
7848
7767
6907
8471
7166
9633
6097
6650
9180
6409
6069
8092
6707
7258
9547
6296
9656
7894
8116
6469
6665
9350
7931
7121
9678
6267
9124
7758
6657
8837
8324
9883
8896
9042
9443
8718
7687
7987
8858
8465
7747
7715
7007
7148
9200
7988
7752
7210
8263
9886
6697
6061
9315
8368
6384
8540
9062
7211
8422
9703
7986
8084
6529
8939
9941
8049
6165
9806
8112
6258
8783
9940
6532
8735
6669
9191
9977
7298
7423
6528
6111
9668
7269
8031
8724
7449
9165
7044
9507
9588
6900
6108
9044
6627
7371
9657
6858
9352
7360
9114
8103
8923
8744
6733
8836
8466
8458
6359
8257
7720
6121
7777
8600
9998
6178
7281
8626
6718
6184
6746
8979
6724
9025
7641
6693
9412
9319
8171
7409
6587
7078
9720
7260
7643
8244
6233
6806
9747
6691
9158
6917
8007
7728
8313
6954
9741
6551
9978
6268
6976
6070
7762
7288
6874
9970
9373
8040
9078
9257
8234
8514
7347
8133
6530
7141
6623
7376
7836
9302
9755
7993
7575
9826
7254
8045
7174
6241
6957
6324
6780
9072
8240
7976
6828
6540
7200
7557
8632
7670
6427
9500
8025
8899
9844
9331
6552
8937
9201
8338
8785
9077
8610
7683
9178
9675
9702
9032
9788
9663
6791
8592
9915
8521
8132
9726
9856
6668
6583
6430
9096
9093
6588
6681
7633
9132
7411
6044
8111
6301
6581
6035
9472
9355
8119
9133
7888
7225
6270
6731
7296
8641
7534
7913
9652
7215
6739
8635
7459
9358
9688
6217
8456
8898
9026
8616
8922
7237
9990
6027
7475
9304
9088
8737
8630
8541
7587
7586
7559
9605
8713
9299
8597
6602
8212
8739
8300
9531
8595
8834
8711
6361
6605
9519
7958
6446
8342
6369
9511
6261
8685
6817
9223
6257
7902
9277
9705
6771
6122
7545
7232
9135
6284
6372
8318
7995
7786
9552
7468
7285
7471
7738
6123
6422
8403
6590
7207
8011
8453
9285
7697
8901
6481
8965
6803
7135
7209
6569
8707
7794
8873
8542
9843
9308
9152
8838
8412
8350
9246
9786
6287
9426
8322
9687
9354
8557
7336
6339
7094
9342
7983
7328
9953
7080
9259
7921
9814
9323
9817
9451
8605
8164
8179
8732
9965
6882
6695
7316
7658
9040
8256
6608
6709
9724
8667
6734
6705
6468
9960
9171
8250
6868
8729
8022
7452
8150
9880
9823
6229
7054
6154
7672
9442
9928
7114
6992
9035
9427
9625
8297
8137
6518
9208
9079
6010
9639
7310
7727
8098
9801
7797
7890
7466
6560
8352
9179
6414
9237
6579
9669
9147
6088
6836
9695
8904
7229
6830
9679
6081
6515
8292
9432
7996
8991
6425
6345
6765
6406
8778
8067
6289
6401
9797
7667
7597
7500
7317
7224
9789
9912
6897
9903
6902
7116
6793
8217
8159
7617
8803
6818
8047
9161
8544
8254
8928
6107
8068
9207
6938
8869
7422
8099
7157
8392
6209
8180
7919
8777
9397
8253
7849
7280
6537
8388
7042
9595
6428
9169
6649
9522
7415
8291
9572
6984
9166
7564
7622
9538
6319
9478
6498
7136
8459
7399
6577
6915
6524
7463
7928
8496
6045
8958
9870
7501
7325
6102
8158
7741
9623
6392
6442
8448
6343
7857
8817
8207
6286
8247
9853
8956
9164
9568
6566
6496
9003
7772
9484
7482
6542
9939
7364
9933
8549
9281
6300
7630
9249
7490
7267
9369
8335
8046
6839
7231
8075
7807
7351
7201
7764
7961
9922
8881
9619
6568
9580
9649
8786
7257
6990
6028
9810
7462
7518
9425
7620
6007
8865
9782
9809
8631
7605
8387
8305
6549
9884
6412
7901
6727
9892
7056
7982
6312
6292
9590
6782
7971
7596
8823
6034
6928
9027
6256
6813
8734
9776
6708
9199
8882
7052
8810
8567
9794
7737
6567
8966
6835
6204
8961
6937
6870
8924
7359
9016
9183
8768
9489
9289
8862
8664
7957
8969
8489
6459
8656
6083
6730
7800
6227
6527
8343
7124
7908
6773
6758
8843
9416
9494
8229
6856
6131
8624
7604
9400
9314
7681
6278
8061
6186
7110
6849
6074
7065
8671
7322
9545
6098
7286
7709
9542
8410
8328
6495
8576
8741
9182
9589
9744
9907
6341
6038
9972
9521
6139
6571
7760
7165
7899
7532
6071
6133
8892
8589
9305
7812
8524
8288
6462
6829
8454
9857
9410
6673
8423
8354
6970
8398
6306
8804
7891
9514
6863
9967
9875
7404
7442
7654
9935
9125
6259
6846
8537
6766
7250
8012
8573
8177
9006
6159
7152
8565
7519
6348
7446
9995
8517
9716
6653
6589
7924
8339
7013
8361
9167
8890
6684
8475
9997
7930
8136
9100
6329
9799
6744
7235
9598
7084
8513
8645
9251
7087
7514
8636
6983
6378
9312
7194
9515
6277
7259
9411
8679
7100
8532
8588
6203
7980
7355
6017
9549
6596
7799
8981
8372
7354
7916
6452
8420
6313
6020
9665
6285
6761
6039
7723
6973
7904
9346
6026
8076
9170
9836
8874
6916
7663
8455
6008
9448
8364
8617
8375
7421
6802
9061
7953
7910
9020
7839
9686
8231
7676
6620
7320
9603
7705
7144
9005
7295
6415
7097
9013
6914
8105
6085
7041
9567
9115
7150
8897
6080
6578
6394
6974
6457
8117
9616
6276
9038
9564
9186
7082
8015
7905
6383
6387
7814
9751
6595
7791
7952
8594
8857
9749
8644
6869
6294
7050
8963
7051
8657
6618
9811
7185
9954
9881
6225
7693
7789
7552
6235
6603
7946
6706
7981
7173
7573
7264
7761
7438
7020
6861
7244
8130
7149
7212
7473
8306
7616
6544
9076
9858
6770
7699
6574
9196
7160
9779
6700
9271
8168
6629
9600
6679
8349
8106
6864
6585
7773
6539
8830
9086
6604
7915
6439
9585
6716
8920
6893
9420
9140
7619
7994
6316
6393
9074
7034
6519
6921
9556
7251
9364
8793
8833
9878
8239
7739
8166
8972
9704
9376
8502
9743
9902
8186
8797
8155
6842
9320
8856
8109
9869
6694
6932
7991
9560
9236
8279
7730
7984
7805
8586
8431
6356
8474
6507
6396
9937
6019
7193
8690
8043
7206
7392
6978
8242
7067
6380
9911
7896
6048
7445
7290
6365
6134
9309
6022
9713
7367
7819
7427
9898
9238
6726
7481
6655
7497
7909
8325
9920
8601
9048
6161
6190
7998
7369
7629
6883
8814
7400
6479
6335
9084
9900
7943
6297
9341
7076
8766
9473
8269
9561
6906
9609
6014
9879
8688
8579
8743
9764
9455
6137
7585
8273
9479
9187
6922
6090
8032
7554
9955
9887
8721
7499
6404
7088
9506
6891
7662
7029
7431
6865
7845
6075
7612
6876
8362
7086
6764
6767
7631
8726
8954
8761
9367
6282
8004
9444
9540
6713
9004
8483
7829
8794
8094
6283
6607
6696
7549
7396
9971
9719
6397
7855
7413
7828
9464
7522
6221
7426
8226
7856
6248
7661
8621
6212
7938
6611
6326
6671
7391
6834
8095
7748
9250
7182
9760
7684
7876
8603
8048
7541
9784
8063
9812
7502
7390
7304
9482
6417
9804
8019
8298
6395
9475
6493
9273
9575
6351
8563
6295
8748
6420
8245
7424
6606
8054
9606
6554
7163
9861
7666
8507
7637
8695
8535
8995
6884
6046
9218
6968
8348
9203
8371
6118
6676
9043
6712
9056
6740
9361
8512
9316
7377
8445
9736
8577
8788
6242
9385
6279
7374
7664
9969
6625
6104
8415
9454
8883
8756
6076
8808
6958
6513
9993
7771
6997
9014
6857
9546
6143
8055
7053
9962
8976
9328
9356
6266
8213
7410
9160
9896
9380
6188
6910
9783
8775
6086
7107
8406
6347
8108
6064
6801
9471
8822
6956
6533
6180
7241
7266
6660
9566
8877
7753
9805
8383
8852
7673
6219
6213
8070
7520
8162
8473
9220
8462
7004
8027
6358
8414
9336
9834
9357
7613
6844
8698
6157
7378
9399
6473
6274
7375
7437
8026
6445
7843
8580
6557
6950
8945
7158
8276
9698
6015
6639
7927
9296
9110
8509
8052
9651
9030
6920
7841
8351
8056
9685
6799
8468
6273
8710
6689
7167
8584
9835
8844
8437
7592
9243
7765
6784
9468
6911
6173
9021
7122
6556
9819
8270
7844
9255
8832
6789
6535
8203
6723
8523
6311
8283
8211
6033
9846
6811
9740
9599
7001
7647
9351
8128
9417
7333
7159
7660
9055
6848
8265
6798
9019
6632
9301
8365
7017
8978
8480
6477
8704
9053
8648
6262
6218
6096
8809
8477
7960
6927
9103
7070
7480
6328
9106
9321
8615
9613
7205
8806
9393
7897
9272
9761
7373
6929
6643
7933
8481
7271
8249
7353
6206
8957
6211
8323
9496
7379
7435
7129
9458
9368
9172
9197
7062
7691
6886
7935
8771
6781
8839
6644
7216
7900
8587
7571
7729
7968
6288
7278
9576
6994
7439
7603
7308
9963
6510
8271
9360
7606
8077
9286
9227
9421
8243
8618
9097
7388
7704
9919
7198
6714
6310
7877
6197
8219
9627
9295
8638
6158
8072
9815
7801
8941
7169
8326
9793
8996
9195
9282
6236
6305
6651
6832
9188
8227
6196
8126
7781
8461
7707
8905
8385
6140
7332
7177
8813
8281
7682
6431
7823
7513
7821
9437
7137
9670
7453
7370
7303
9842
7525
6352
6753
8472
7618
9832
8411
7505
8404
8800
9707
6144
9067
8145
8627
7679
6506
8847
9889
7989
6826
6002
7214
6866
7808
7567
9211
8418
7319
8363
8172
8312
9868
9790
7274
7551
8994
8228
8703
7655
7528
8831
7079
8439
8478
8974
8608
6175
6879
7327
6951
9929
9750
6031
6943
9674
8773
6373
6271
8750
8987
6905
9653
8118
9408
7436
7537
9596
8044
8008
8299
8895
6113
7611
7511
6772
9601
7977
6040
8801
9893
7817
9518
9503
7826
9622
8426
6200
7372
6187
9117
8872
8558
7106
8566
7869
7969
7301
8553
7143
6050
7162
9848
8697
7840
9222
6051
9828
6685
7688
6825
6141
7432
7562
7533
7204
7964
8401
9498
8039
6366
9154
6337
6470
8280
6600
6721
9028
7874
9550
6255
7590
6476
6198
8218
9913
7039
6318
8490
9509
9986
6376
6543
6280
8930
9738
7949
9111
7417
8021
8444
7025
8479
6421
9409
8891
6939
9877
7865
8209
6298
9635
7093
7610
8545
7878
6250
9192
8578
6441
6164
7985
8650
6999
9803
9083
7221
8988
7972
8934
9389
8501
6001
8970
8700
7591
8442
9263
8089
7576
6325
6814
9949
8728
8506
8494
7579
7384
6367
7886
9015
9303
9700
9474
7825
9049
6503
8389
9381
9918
6247
7485
6748
6119
8511
9989
6208
7677
6965
8311
9731
8606
9916
6850
9525
6804
8676
8069
8931
7584
6674
7397
7284
8208
7851
8340
6382
8910
6523
7071
8266
7615
9554
6661
6391
6918
9225
8932
8960
7527
7302
7292
6201
9144
7583
8562
8623
8337
8122
6354
9981
6672
7759
6514
9275
9860
9419
9778
7461
9435
7139
8767
9052
6336
9759
8141
7101
8947
7326
7457
9592
6698
7997
6485
8769
7307
8125
8156
9910
7090
6491
9268
7297
8628
6488
8380
8880
9527
7343
8434
7530
9080
6640
8526
9287
9036
6751
7105
9168
6151
9792
8102
8210
8309
9127
9477
9306
8149
6702
8314
8582
8999
8967
9163
9113
8885
7951
6794
9413
8569
7338
9730
7015
9890
6453
6505
8062
9089
7014
6360
8450
8307
6636
8791
8017
8642
9131
8358
9434
7012
7526
9214
9991
6465
7213
8416
6871
6654
8425
6892
8344
8757
6563
8784
9802
9095
7602
6597
6463
7713
9785
8255
8900
8829
9770
7875
9070
7535
6215
8780
8505
8451
8258
9000
8080
6565
9012
9092
6786
9850
6617
7719
8127
9999
9204
7947
9959
8042
9593
6538
8894
8059
9822
9194
8224
6982
7006
6385
6512
9130
6775
6333
8556
7425
8867
6363
9261
9796
6838
6797
7779
7804
7262
8520
7081
7850
6931
8983
6888
8232
8593
9462
8653
6223
7115
7546
8421
7706
7289
9975
9712
9820
7318
7939
6265
8825
6822
9582
6616
8992
6553
9541
7016
6487
7348
6903
7574
6955
7170
6890
8304
6979
7735
7722
8347
7945
9577
6021
7498
6977
6967
7273
7073
7726
8020
8467
7238
9469
9463
9219
7096
6411
8674
8572
7538
7186
9291
9838
7036
8333
7624
9642
9459
8559
9280
7477
9891
9307
6016
6189
7069
7536
8327
8346
6249
6717
7509
7543
6824
6756
6054
7309
6068
9905
9699
9976
9436
7178
6185
6240
6322
7240
7508
8763
9909
9629
6576
8366
7853
6216
8551
8088
7486
9591
7763
6630
7802
7037
9604
7192
8908
8131
6435
6980
7469
7337
7692
7898
8753
9226
7862
9945
8037
9429
6130
8405
7941
7314
9276
6464
9293
9128
7780
9926
8100
9768
7103
9513
9206
7926
6455
7330
8973
7868
9146
6084
9874
6169
6851
7711
9148
9865
7940
9626
8013
9363
9244
8188
7955
9300
6000
9734
7109
8169
7033
7341
7188
6466
8000
8433
6029
7454
8510
6194
8781
9936
8165
7226
7558
8539
9071
9497
8115
6841
6562
8720
7263
6400
7887
7061
8486
8262
6183
7187
7892
6687
8663
7831
7464
6093
6964
8293
6881
8687
9947
7153
6800
7222
8863
9050
6049
9968
9155
6701
7731
6647
9094
7577
7708
9264
9221
8308
7312
7099
6531
9460
6052
6116
8190
8399
7329
9987
7145
9767
8712
9544
9833
8470
6331
9491
9017
6429
7272
8736
8925
9101
9648
6738
9757
6680
7242
8719
6371
6948
9895
9139
6129
8751
6677
8935
6591
9492
9594
9671
9570
6490
6599
8124
8083
8675
6558
9136
6172
9119
7646
8359
9232
9539
9693
7276
8369
6416
7834
9288
7433
9952
7386
7340
8755
7867
6105
9215
8609
8113
6005
6486
7745
6887
6896
7540
6526
9533
8386
8871
7248
7175
8740
7770
6264
6042
8798
7824
9338
6796
8184
6546
8820
6872
9467
6321
6168
8519
8682
6986
7068
7451
6269
7627
8334
9159
8205
6060
8868
6290
7233
6894
7362
8469
8845
7315
7695
9721
7962
9982
9659
9956
9439
8742
8859
7030
7293
7806
6785
9422
6436
8764
7544
8646
6614
8246
8715
6626
9258
8790
9813
9780
9193
7108
7179
6778
6413
8738
7146
6946
9290
7632
9001
9943
9269
6291
9641
9452
8187
8009
9173
7357
8153
8006
7948
6749
6663
7847
9917
6508
9516
7323
7750
9252
8647
9390
6823
8746
7382
7011
6099
9278
7686
9365
6926
8233
7291
8936
6152
8948
9555
9324
8530
9754
9510
7234
9502
6837
7142
7156
6624
6947
7488
8121
8666
8206
6534
9680
8774
6181
7026
8435
8378
9470
8911
6936
9742
8913
6062
6317
6238
9966
8846
8286
9863
7168
7635
8010
7467
8129
8749
8701
8689
7657
8057
6699
9248
8658
6642
7835
7696
7820
8815
7252
6176
9573
7430
8216
9037
7040
7512
8927
8197
8023
6960
8876
9348
7405
7645
9689
9245
9118
8861
8727
6448
9231
8237
7970
8870
9774
6598
8321
6715
8827
6195
6572
7305
9318
7401
9123
8457
8251
8154
7023
6160
8888
7965
6783
6375
7521
8175
6163
7189
8522
9894
9105
6622
6859
6795
6985
7049
6047
8824
8268
6594
9839
8135
6478
9871
8086
7600
8723
8409
8260
7031
8284
9771
8050
8754
8776
8529
8381
7744
9002
6615
6678
8849
7783
8946
7725
8730
7450
7127
6735
7181
7395
8633
6690
9370
6633
7732
8195
7570
9520
8534
8835
7414
9753
9184
8949
7790
6703
7837
8332
9384
6808
7408
8432
7219
7827
6399
8194
8463
6424
8943
6110
9431
7383
8341
8029
8548
6357
6504
6877
9330
8391
8030
6816
9344
9553
8051
8065
9440
8643
9229
6895
6374
8222
7046
9060
9041
6501
7394
7785
9658
9228
9018
6346
8504
8393
8003
8096
7614
9579
6032
8064
8564
7967
6847
9461
7196
6079
8683
6981
6520
8163
6057
6475
6720
9643
9529
7642
6419
9398
6003
6327
8091
8238
9073
6308
6146
6092
9414
8568
9138
8290
7447
8204
7398
6078
8694
9607
9064
7246
7787
7335
7782
7990
6754
7885
9456
6480
7420
9666
8722
6777
9727
7253
9683
6386
6975
8287
9631
8613
8921
7740
6340
7798
8634
9677
7484
9697
7816
7060
8668
9729
8811
8550
7859
7746
6263
6115
6344
7788
8919
9063
8438
9294
6833
7569
9859
8848
9298
8191
6253
8952
6433
7117
8745
8953
9090
7675
8807
8678
8078
8353
7608
8652
9121
6077
9075
9597
9317
8278
7652
7638
9234
9449
9446
9068
9213
7595
8402
9612
7138
7083
9085
8655
6499
8038
7412
8691
8997
7393
8916
8395
8747
7656
9715
9476
9185
8384
8805
6831
7813
9022
7685
6443
7690
6147
7299
9852
7064
9526
9239
9327
6058
8799
9403
7932
7055
9586
9283
6106
8789
9493
9023
7184
8554
8702
7104
7072
8716
8264
9562
8959
9737
6109
9769
9033
7650
6621
9134
6827
8802
9611
8840
9723
9932
9189
8081
9031
7465
9081
9051
9654
9394
7934
6138
7523
9661
9209
8167
6403
7659
6774
6434
9386
6205
7102
8487
6819
9423
7380
7963
6056
7003
6612
7950
8001
6952
6550
8841
9047
9359
7792
7628
6222
8990
8543
6245
7893
8028
9617
8518
7022
8906
8041
7230
9773
6449
9618
8331
8200
9279
8762
8370
7694
6423
8495
8060
6941
7979
6103
6174
9899
6095
7754
6398
6199
6725
8033
9495
9407
6177
7287
8903
9621
8376
9946
9175
6517
6368
8866
6555
6142
7131
8157
7339
7609
7698
8929
7516
6053
9007
6100
9045
9694
6757
6202
7634
6998
9501
8396
6260
7580
8316
7929
8649
6191
6136
9578
8604
8134
8717
6664
7478
9787
6634
9216
7119
8731
7944
8002
8336
9325
8436
9087
7548
9645
6942
8950
7043
7724
7455
7363
8926
6012
7703
6117
8079
8752
8215
8230
8241
6036
6214
9927
8581
6670
9424
6536
9765
6132
9011
7059
8173
7416
7010
6810
9983
8093
9485
6641
9428
9401
6790
9709
9415
9672
9524
7324
7598
9392
9558
9098
7228
8782
7599
8294
9322
9964
8940
9638
9265
6307
8074
7035
9137
7123
7712
9906
8114
6502
8918
6610
6377
7973
7975
6637
7565
8446
6334
7669
8151
7047
9253
9851
9885
9450
8686
7702
9748
7489
8329
8779
6314
7749
6114
6656
6444
7227
9523
9270
6170
8944
8772
9054
6408
9326
6167
8488
8036
7742
6101
8661
7091
8440
6762
8152
9718
9876
6743
7494
7045
6454
8198
7418
9058
9382
7700
6635
7822
8620
7895
9430
9126
9925
7171
9551
7197
7190
7607
6232
7936
7164
6860
9120
9620
9587
8853
7734
7756
8330
6349
9065
6750
6809
9465
6935
9673
8355
9009
6494
6573
8104
6402
7796
9129
6547
6037
7621
7429
8424
6234
8984
7999
8497
7095
9490
9636
8986
9481
8546
7126
7833
7774
7589
7085
8968
9349
7671
8533
9402
8202
7261
8248
8236
8680
9366
7058
6779
8413
8596
8223
9710
6541
9046
7743
9347
9728
7784
9149
6272
8491
7283
8182
6497
8684
7112
9795
9340
9224
7403
8400
6082
6908
7644
6741
8090
8818
8659
8796
6996
6244
9979
9418
7381
9375
6704
6862
7306
6210
7510
6024
9156
6559
7582
9681
6381
6179
7553
7191
9756
7491
6127
7406
6153
9099
9973
8860
9873
9335
9292
9571
6631
7300
9240
7151
7220
9242
9388
8120
7180
8951
8430
8555
7873
9845
6993
6500
7531
8854
9829
8394
9404
8277
6742
6156
6353
6091
8677
8193
6207
9441
9505
6675
8571
8034
9190
7176
9487
7653
7881
9847
7601
7716
6407
6450
6972
9024
9866
9630
9563
8397
7203
8005
7005
9488
6682
7472
6940
6483
7183
8878
6737
8320
7249
8192
9535
7852
8759
6815
6302
6055
8912
7199
6840
6593
8274
7912
7507
7008
7428
7128
9395
7063
6949
8148
9725
7075
9082
7815
8964
7419
7331
6638
9951
8651
7120
9260
9923
7914
8285
6299
8296
8139
8855
9310
7542
7674
9559
9480
7239
7407
7811
7345
8708
7092
9745
7443
8407
8942
7714
6768
8758
6745
8301
7172
7563
8087
6364
8622
7710
8980
9153
6613
7651
8482
6087
6472
7925
6182
7956
7755
9143
7256
9667
6854
7311
6912
8267
6988
6145
8787
6166
7922
9445
8018
9254
8196
8599
9311
6889
8665
7458
8176
9447
9934
9628
6149
9274
7154
6309
8101
9602
6763
9353
8714
9343
6878
7769
8875
7268
8220
7937
6667
6760
9985
7161
9205
7208
7444
7809
7810
9777
7361
6934
8058
7018
6171
8476
6516
8235
6474
9202
7539
7218
7581
8536
6281
6220
9722
6125
8185
8429
8938
9383
6405
9825
8097
6451
8560
8907
9944
7830
8640
6246
7751
7588
6456
8828
6224
9827
6913
9069
8816
6666
7524
8527
9241
7019
7795
7024
9608
9109
6867
7561
6303
8612
8508
8178
8955
8201
9807
6584
9650
8357
8110
9371
9840
9739
7470
7002
8016
9066
9637
8693
9029
9696
9855
7448
9337
9284
6645
9466
6923
6652
8144
7270
9230
6525
6807
8637
9543
9924
9908
7282
7649
8591
9583
8902
6011
9682
6659
9532
9362
8319
9217
8669
7038
6432
8160
6243
6059
8879
6845
7880
6484
9483
9108
9888
8302
9504
7147
8985
9781
9536
6467
9762
9297
7352
8672
9391
6736
8452
9624
9339
9708
7870
8528
7717
9691
9091
6460
8590
7334
8272
6073
8073
7077
8066
6769
6953
6239
7483
6648
8696
9664
6066
9112
6013
8662
6330
6128
8673
9377
6350
8575
9800
9766
9102
7366
8547
7111
7089
7572
7858
6853
6759
9177
9798
8812
9379
9775
6522
6564
8261
7503
8598
6909
9387
7966
8842
7701
9499
6447
7402
9406
7356
8570
7842
8607
7566
6389
9174
7255
8654
6065
7721
8317
6989
6619
9882
6843
6722
7832
7778
7492
7202
9948
8583
6410
9372
8614
8214
6067
6041
6370
9996
9706
6752
6580
7487
7889
9632
9584
7547
6237
8850
8933
7132
8199
9333
8189
6135
6855
9864
6787
6561
8611
6482
8181
9438
7768
6930
6820
6072
8915
6966
8681
8499
7504
8140
8725
7689
8379
9267
9116
7578
6944
9831
6925
8138
7245
7911
9059
9634
9763
7568
9508
7529
7884
8500
6732
7440
9198
6875
6126
8670
7368
7365
6959
6018
8356
8629
8639
9486
7560
9433
8382
8561
9862
9808
6885
6489
9854
7294
9655
8123
9676
9537
7243
6388
8417
9565
9921
9711
7313
6662
6458
9334
7066
7027
6437
8705
9791
9010
7776
7766
8035
6124
9646
8315
6729
8275
9992
7757
9378
7195
6162
8692
9530
7434
8014
9181
7515
7506
6545
9396
6924
6904
7493
9692
8975
9984
9942
7920
9752
9374
6342
8977
9122
9517
9714
7640
9332
6023
8221
8989
6228
7125
6362
7057
9235
8795
6963
6461
6548
6390
8142
8709
8826
