3196
2282
1728
1715
3133
2129
106
568
632
9
3627
3198
381
3140
3671
595
1877
431
900
271
267
3613
2727
1866
454
112
1653
27
1136
3864
30
107
2024
2791
2054
412
1490
1596
2109
3276
2003
708
502
3068
1403
2147
1874
47
48
3294
396
430
1133
1317
2
219
2458
220
3929
59
2191
1705
3290
2237
1045
1421
647
1143
1770
3794
1419
956
826
2576
74
75
612
1016
3049
79
1834
81
1341
2327
1080
537
1836
2563
2613
3162
3654
298
604
896
627
713
3599
1994
2479
2366
2263
101
2340
3292
104
3017
3919
119
1502
3711
110
78
1006
2752
665
556
116
870
118
828
3087
2424
484
3262
894
3550
2130
357
3861
815
1402
820
132
133
3260
2747
2852
1201
588
139
3048
66
0
37
3194
145
3958
147
1266
3502
3541
2148
152
1096
478
2042
490
2400
34
2365
2422
704
2195
1126
610
2206
166
2346
168
498
700
2262
328
300
3881
175
739
338
2963
3419
2983
1969
182
2369
660
185
769
1495
1618
3916
2247
672
1098
325
2304
3750
959
197
687
151
200
1149
600
3270
1593
598
2429
3737
1584
1483
437
2714
249
1409
3145
3921
618
217
218
3910
1906
221
222
2078
463
135
226
227
228
229
1460
1347
3934
233
3332
235
3421
771
1027
497
268
2291
2989
812
249
1799
69
247
38
427
263
3028
3412
3099
2827
1956
2629
2131
3717
117
594
3107
654
1252
1882
265
1853
1067
2771
269
1193
2020
3935
1297
2311
3902
1455
1507
3842
668
280
509
2128
719
1918
1627
124
3898
2955
764
1337
3688
3032
82
277
732
296
1423
838
765
2253
1646
3720
163
3792
1050
377
1672
3226
49
1404
1363
607
2199
2261
2921
2544
209
364
1420
1338
77
322
3263
2084
731
339
3090
477
3740
2901
1967
50
333
334
1486
3809
2211
2907
299
340
341
601
1868
1418
265
2134
997
1079
349
3073
946
517
353
2408
478
3637
1741
2494
3753
703
361
2395
585
2992
365
1031
1666
368
1966
3083
1722
1629
3664
374
1774
2884
2993
2159
2353
1196
2603
382
3518
3084
663
1818
1057
87
39
3964
976
264
450
5
858
2593
3949
427
2002
768
2376
973
2461
1394
655
2481
2697
3619
409
373
411
3348
413
778
1307
2317
794
1315
419
3120
421
422
2329
424
643
3622
3782
3799
2625
52
2347
3070
433
3685
435
3153
3652
794
2553
63
865
113
119
190
2310
57
447
3728
620
2953
451
1245
2189
1039
1104
473
328
1683
3715
426
3611
3030
13
613
824
2021
467
120
2208
582
542
1610
473
1191
352
1411
412
3055
513
602
546
2542
2863
72
3224
2984
281
2127
1703
597
3986
2471
951
709
757
949
497
1456
689
372
501
603
503
3540
3098
512
2710
3947
2259
1637
310
282
1467
364
191
859
491
518
3013
40
494
3261
706
2688
3
434
2246
1439
2343
530
2969
1680
1784
534
367
915
470
2764
3424
2680
834
2978
64
783
3386
162
3471
2099
3789
3504
238
2961
1508
2530
1139
2630
1311
669
559
722
3169
177
682
630
565
1988
484
568
569
3418
3932
3074
3302
2853
2732
438
925
1451
2041
1374
1713
350
875
772
2449
586
3527
3738
589
2872
1575
592
1263
3686
3155
596
2122
52
693
701
3238
2580
2897
500
3757
2750
2929
672
3895
3976
1979
2306
613
1982
543
616
2454
1170
3626
1028
621
622
533
624
625
1138
1682
3175
2583
2574
3282
3954
3645
2662
18
521
2882
638
436
2590
3335
507
1807
1385
2541
948
1288
1896
482
3766
1691
1809
376
3596
2903
2005
3235
3433
1633
3614
223
2423
1164
1346
1814
3942
1675
3980
2561
1092
763
3490
866
1855
675
1901
677
3350
3281
2043
974
401
571
605
685
810
1130
3492
499
465
986
910
150
1396
664
745
1491
755
3798
170
2597
1883
94
3046
647
770
698
1797
557
710
390
387
1060
2012
715
442
1533
718
796
720
256
1218
3642
2931
2431
1924
3341
1147
842
2849
893
2577
3999
734
1569
1195
737
558
3500
127
1796
1948
2463
376
517
746
3089
748
1361
627
751
115
3132
2086
2200
202
375
278
759
579
761
83
380
764
461
85
849
474
913
644
884
2056
1603
3866
797
2289
719
294
285
2759
583
103
398
300
3718
878
165
788
2193
415
3833
792
318
551
1565
2079
510
2415
156
1726
3581
738
840
1724
1738
806
807
3004
2915
686
211
85
3816
1848
3015
816
2964
130
3900
1296
264
1012
823
462
1332
1018
3658
11
829
830
831
3600
2411
3344
835
595
1696
664
3417
626
841
1353
3390
1261
529
1056
157
2640
3460
3667
851
3489
1474
117
1893
65
2093
2219
250
1233
861
262
841
3191
865
1011
2851
1017
2664
1038
660
1958
178
2722
875
144
2693
2354
2227
880
2096
778
1723
884
389
137
1303
3706
889
616
1
892
3229
1123
3212
3602
2917
2151
2960
722
3668
941
205
904
2302
3927
907
1917
909
3360
3233
1975
913
914
2091
2706
80
918
959
1309
1222
2588
3411
1879
3050
575
1697
96
1448
201
154
3956
504
3127
1158
2416
2777
1194
1177
1717
772
868
1310
3851
945
3345
947
1331
1024
1343
2014
152
953
209
3240
132
1828
2308
262
960
961
3968
4
543
2402
3179
1626
1952
969
2292
3793
3388
402
3095
714
1792
3178
2103
636
611
2305
982
983
3676
462
121
359
465
989
832
991
2592
993
61
373
2265
235
3862
999
2342
843
2
2663
2023
5
3884
7
2222
288
3703
757
661
229
14
3209
335
435
384
2894
1981
1242
3193
2864
3509
646
2339
27
609
29
1911
743
196
164
3813
992
619
3406
486
549
861
3660
1299
43
44
45
198
47
3906
856
3125
1847
495
697
3014
55
545
3777
353
59
122
160
2515
63
2858
1488
3592
3687
68
3535
1042
2456
2967
2792
186
2677
2647
236
822
1397
3352
842
3370
642
445
274
2810
505
3185
1362
90
2468
92
93
738
397
96
615
55
990
3761
101
102
103
907
1594
178
156
505
1256
596
2825
802
859
114
324
605
1088
652
3445
2044
3744
60
6
3993
3815
2393
3727
2751
129
189
3990
707
2795
134
556
115
574
703
3955
3199
1048
710
143
64
3457
3710
1885
1873
3575
2034
3708
316
2182
3741
76
1990
2545
1141
159
2276
1677
883
3466
944
79
166
167
2351
2192
1291
973
28
2140
1780
2736
2691
562
572
252
3758
1435
902
717
3135
1381
340
187
528
189
60
696
3616
193
937
46
3495
1671
927
2063
874
2761
2514
3371
2413
407
3035
2295
3453
982
974
1163
749
3553
2668
3126
1897
3922
306
2435
3520
1025
1864
1805
224
356
1954
136
228
524
3615
3837
1587
2912
155
2117
603
480
2218
301
634
2768
491
127
889
2204
816
2551
290
702
400
251
350
347
254
3824
967
3376
225
2724
2667
3058
318
1976
2595
1058
3156
2822
901
1076
2850
540
2104
2488
274
444
2240
3576
2013
1644
671
3300
1558
283
3255
57
148
2028
288
3181
1692
291
2371
2538
137
1817
2880
529
298
3605
2216
239
302
921
645
879
1131
232
776
923
2656
3358
1427
313
99
308
3631
404
1424
941
2437
810
1183
3037
1938
231
326
231
2008
2919
330
86
1947
1654
3394
1386
336
700
1429
1650
1535
811
131
2556
344
345
3330
2719
1519
515
1333
1913
133
219
2787
3931
3324
3689
2661
610
2483
361
3705
2560
943
3195
508
440
1089
997
1790
1822
888
815
3399
3860
890
48
2026
1577
380
37
382
3410
2183
385
2596
304
836
197
3137
1898
3863
393
550
395
396
227
1573
942
443
2772
966
648
404
2158
3612
643
3143
1678
446
324
284
587
466
3565
1764
2575
2923
3784
420
3378
2943
245
3840
2900
3121
1074
2624
721
3970
1939
494
433
786
510
21
819
2855
1983
629
441
631
972
918
1886
362
1078
702
145
1895
3002
2904
1679
3385
3989
2120
371
577
1122
460
1330
3009
416
464
392
555
215
3936
2092
2279
2936
2922
2839
2627
3232
788
2958
915
1624
3844
2229
1046
677
839
691
1463
1410
488
489
962
2409
1539
3801
482
1576
1891
3311
2097
172
2886
401
2439
2015
3415
3511
992
2676
2977
653
1769
442
2006
259
98
515
11
940
369
182
520
1927
522
826
1771
3163
456
527
469
356
584
2566
162
637
3374
3444
1487
1323
1973
539
2685
715
1513
3420
381
545
3054
31
548
320
2000
2911
552
2926
554
3735
225
3432
1789
526
3714
541
3580
3020
2223
908
1742
1890
385
569
1676
485
716
573
2999
316
671
1015
3481
1479
3803
2635
1305
3176
3946
933
933
866
3112
589
779
2139
592
1555
20
951
193
2370
3503
273
1720
237
805
750
604
2447
904
936
608
139
813
1928
365
712
614
965
3213
1606
618
947
1231
3876
723
392
3355
3754
391
374
1504
629
3521
253
3967
633
634
299
1008
3937
2188
2875
640
641
642
2307
196
645
2898
1282
853
711
946
3439
684
3608
590
724
506
106
658
3202
2231
661
1707
3515
1514
3248
3528
2466
1405
3000
670
3059
824
673
674
675
446
3838
678
12
89
1609
3534
3549
319
3283
686
3896
688
2819
690
691
3003
3442
694
657
1284
3681
1254
2146
3246
756
697
1094
161
3904
3220
289
1686
709
591
649
1545
2890
2382
3187
3056
2377
741
3422
862
1656
2344
292
257
725
538
727
3221
882
566
199
67
3230
512
2938
787
737
419
739
695
535
108
574
3470
223
3795
3157
379
2257
2564
311
799
753
754
760
756
307
758
3579
1229
1168
1390
829
1226
3890
765
1468
2571
769
770
3189
3812
3076
774
3190
776
1509
2179
779
3293
781
205
1733
784
2606
786
3531
742
789
790
1007
8
2748
68
530
453
652
3894
3306
2755
801
3695
784
2417
3264
3092
807
2335
987
2506
1117
2683
813
814
2001
2504
1704
2554
271
3984
651
822
3913
1432
42
855
655
828
1407
752
831
1871
3010
801
6
34
258
58
355
3114
1239
474
1372
3969
447
3901
142
215
3456
2421
378
521
3365
2508
2049
179
2477
23
516
1238
3034
2673
479
1506
441
2497
524
1729
2175
2090
2758
2389
931
2756
2848
2326
758
259
879
808
2773
1808
329
1736
2650
78
3892
1265
128
996
891
1649
3474
894
3408
2018
359
898
3845
1870
62
2816
854
802
854
1512
989
908
1934
586
415
1632
1953
2390
2452
1377
3380
444
3364
3391
402
2612
475
2796
3508
1380
880
2916
564
285
3072
516
2220
3337
3825
3222
154
2888
939
3019
1549
1735
1745
944
1639
622
3781
2275
949
177
3878
952
699
576
955
3865
3129
2502
1465
2716
2682
1471
1441
777
3804
3694
66
3552
3040
970
2854
972
1480
2443
2770
3971
977
310
979
980
2480
1731
3721
3448
1588
986
2165
3173
547
990
736
35
928
3722
857
611
297
1140
1062
2205
3785
3745
2234
846
1304
3544
547
636
1009
2589
216
966
1013
3277
830
2601
984
2045
2643
1902
3109
1022
1023
218
782
3897
2094
1702
3334
775
1798
3747
1033
1034
780
291
1054
766
3591
1040
3639
3103
188
1395
2239
3997
1325
525
662
1412
1858
140
834
2651
1055
443
2441
276
3974
2703
2568
3312
3393
1064
1065
1249
2862
727
1069
964
2160
1072
1073
410
1240
171
968
3712
2859
84
2794
599
2785
1084
1085
1086
598
3948
368
3943
1108
1942
2474
578
2741
175
1097
2985
1010
1959
929
1102
754
1852
811
617
1107
2745
1142
1110
2976
1112
1113
276
116
922
641
1271
77
309
2779
2033
680
210
1125
248
1599
24
1129
2570
1124
100
337
234
1308
2185
2783
3249
2083
893
890
3325
2364
1144
2704
3983
3582
1524
2475
2670
1582
1376
3821
2285
1155
41
2498
771
500
2620
827
626
649
2485
3491
1166
1534
1204
696
1527
2209
793
2952
2180
126
852
2174
1063
1014
1180
1181
2069
2046
1184
774
1186
1187
1188
1940
1190
459
1192
2634
3879
1536
987
2101
900
319
352
3243
1202
692
2150
1205
1206
523
1208
270
1210
3299
1336
775
3336
2899
3464
1217
3546
144
207
2341
280
1223
1175
2349
1497
1227
2038
370
1137
287
379
375
762
142
1236
2507
713
964
812
1241
21
1243
346
3402
1246
2908
938
917
3309
1251
1496
726
2874
3441
109
3716
3649
777
466
3634
2315
1019
1776
2582
2100
3719
3786
3367
493
3507
3930
250
422
2313
1788
1522
935
1279
1280
2201
701
3559
885
1285
3768
1287
1931
1119
1290
1521
1292
2824
1294
2843
104
635
2004
42
526
1301
1302
650
445
3279
1640
3537
73
2338
311
2790
704
2828
850
2820
825
2711
708
406
785
1695
1322
309
1835
429
1737
1327
1328
437
1647
2808
803
3170
3610
2155
180
3697
1561
3925
1340
747
2615
230
2061
1345
3094
1121
1945
3759
3211
93
1352
1273
844
1268
2460
3254
1985
2578
2678
668
214
1510
3885
355
1366
1367
1368
3359
1370
957
3973
2469
488
1375
1360
192
3494
3372
2725
3670
1688
100
3251
1111
3756
1392
1388
1478
287
878
1803
1440
3662
3538
1270
3297
1560
3150
3764
3547
3659
111
176
503
41
3778
2242
750
550
555
1920
1413
2197
3139
3136
2734
2145
3085
656
793
1422
1930
2699
9
960
2562
2631
3762
2399
1408
2565
1623
1434
912
2337
1980
457
3434
856
320
1782
1744
3005
3488
1446
2164
2383
1449
1200
680
2256
3773
3152
957
3736
1840
728
141
3483
1278
3401
2951
3407
481
2135
3151
1462
2184
790
962
1472
1473
789
1475
3119
2035
283
1095
470
3440
821
163
975
1919
3663
1203
520
3392
3237
314
740
3
1494
2975
2639
1763
544
1499
1500
903
2754
1503
3131
2445
3044
3033
836
3924
1739
3746
338
3701
546
744
606
1526
653
3069
1520
2885
1277
1700
2641
2476
1283
3446
1528
1529
1530
1476
1532
480
170
3843
991
13
699
2420
2032
3435
1542
1114
26
3604
3826
2177
3091
994
1923
3239
804
363
3780
2644
1556
1523
1334
575
342
932
1562
2323
1564
3338
1566
2114
251
735
3316
1571
2991
1612
332
3742
495
394
1578
2809
994
1581
1151
1546
905
1585
222
226
2444
1589
1590
1591
2271
2866
2842
1595
148
2869
51
463
3814
3957
1602
307
1604
1605
3333
1607
903
2833
2040
1161
565
3097
2260
1615
469
1176
62
809
2870
3995
1622
1433
414
1625
3644
2567
31
800
2940
898
531
1037
1135
1635
1636
403
679
3724
3960
1638
1642
2202
279
3903
979
216
3458
617
2540
518
1652
665
3395
2971
2954
2448
1658
1659
1484
2196
1662
2294
3869
1665
1747
1667
1668
2876
3723
1955
476
1260
1580
293
876
2124
409
1214
1498
1681
1547
2738
3318
1145
2152
1358
2509
1689
1802
2760
1889
1693
32
220
366
107
728
2933
1162
3052
3357
886
2775
963
2823
735
3632
3788
1710
1711
3883
146
1714
2473
1816
36
1718
1719
2712
1721
934
1452
1552
3397
2254
2610
2798
1993
3298
1171
2380
3808
1734
3882
745
792
895
690
1614
566
369
3104
1443
635
2067
1960
254
1030
886
173
17
3115
2153
3304
2281
3265
1758
1759
2017
1761
1762
2994
3108
24
351
301
1709
1541
1766
70
258
1773
3594
511
2230
881
487
1986
449
165
2672
455
2721
1785
1051
2557
3493
3443
943
1791
2937
511
1794
147
891
1963
1996
2617
3926
902
1611
2941
454
2913
1543
3530
1083
3482
1810
3944
2255
2674
3651
1537
1995
240
255
1819
848
1198
2599
53
1824
2105
723
1570
1002
2681
567
330
1937
183
2363
2058
1093
1837
761
14
1049
2345
395
3288
3853
1059
1846
3966
721
818
3426
1851
3478
2723
2533
3192
169
421
1568
563
138
1861
651
1863
3253
327
23
1867
3252
3027
176
1812
2782
3057
46
606
1876
2059
1878
1461
581
1869
3060
2800
1884
181
15
3912
1075
3609
1806
2386
1892
567
1951
2478
40
1234
426
1899
662
15
1999
650
602
3467
942
10
1908
2974
397
632
869
164
940
1915
919
1674
561
3284
341
1921
2118
3666
192
1925
1926
3587
3675
1929
1099
448
1932
2486
734
817
1574
1554
752
3116
514
1941
3992
1445
587
935
293
3571
1950
1563
1477
169
542
1775
1515
3918
2319
1026
781
436
17
1961
1962
3223
501
1965
255
656
1968
2031
1970
92
1972
1444
3061
472
1400
2052
1978
72
1437
3867
1844
1815
3646
1257
867
1987
1005
38
2157
1991
3051
3875
3769
1383
140
3320
3275
1664
2350
631
407
1275
3452
2116
50
2007
2602
2427
920
1832
504
314
3572
184
2016
1760
2806
2019
2178
464
125
3207
1298
1657
331
3291
490
302
2030
206
2619
76
1100
644
925
2981
94
2039
252
2119
303
1971
755
3459
467
32
3709
1673
2050
582
3124
3656
1469
187
161
608
71
726
2060
3396
3208
1838
1922
339
476
1746
729
2655
195
844
2072
2073
8
2194
2076
2077
204
1068
2487
2081
3122
1082
2986
2085
2288
2087
3323
2249
2336
317
3272
2410
3210
872
3834
149
2098
945
2659
1221
18
243
3739
2170
2106
981
2108
3497
2110
2518
2398
2334
2300
414
240
2707
3172
2432
363
1132
3770
2123
3024
767
366
876
3839
358
2082
1001
1795
2133
1712
3522
2136
2187
239
2236
198
7
1216
2143
506
1572
468
2666
591
2807
3730
2144
2074
84
378
911
243
2484
835
19
3533
2161
921
2765
2873
236
560
2167
2168
1359
56
2642
2243
2010
1544
980
806
420
326
3382
1174
128
2115
1831
909
2264
3093
847
1619
3329
2527
3643
3536
194
1154
97
1384
630
3286
1608
2990
153
681
2203
492
305
522
2207
2924
1748
2877
1755
2212
3217
780
351
3959
667
2273
3674
2450
88
3539
2055
615
1232
924
3698
2318
2379
1598
1091
2837
953
1481
2025
2797
1752
1264
434
705
1165
1267
2113
536
2245
479
2372
2248
2089
2500
2251
744
2162
821
937
887
519
2258
537
2637
2546
819
3111
3450
348
112
439
3206
2269
1557
195
2457
3774
458
1061
590
458
2442
996
762
1756
3755
2283
2284
988
534
2287
561
121
698
2066
1351
398
1070
344
1179
2987
98
2684
2403
3624
1804
1116
2813
560
683
294
337
3811
3516
612
2535
2036
1373
1262
3149
1036
2228
609
275
1106
2531
600
2324
408
2521
3026
3250
910
1887
1387
785
2333
1916
2549
431
1894
1517
3317
430
1914
963
2309
354
1841
3835
3570
3832
3775
817
832
658
580
1391
2355
3384
1786
1754
1933
405
2361
2362
712
1753
2029
1032
3749
2368
3381
804
3349
237
2373
2623
572
2731
3449
705
224
3021
2381
1339
929
1247
2385
26
3680
2388
3377
1801
3800
2392
3183
2394
3289
882
2397
936
666
2352
2235
2665
1293
203
731
3763
3606
1224
242
985
833
2121
860
2414
186
3469
3342
1295
429
1454
2646
3039
36
519
3907
2708
390
2348
272
2430
2215
54
2433
2434
3915
2436
706
3566
593
2440
425
1371
1645
438
887
3621
1450
1235
272
408
261
874
3236
3258
2455
998
730
584
2459
1356
633
2462
1628
2464
3171
203
456
872
509
930
3428
3891
2428
3945
217
3978
2217
796
2298
3043
35
981
451
3273
279
3870
914
273
487
1935
1694
864
322
535
594
12
2064
2328
1118
2250
1912
2268
3205
45
2505
969
1829
3558
2037
2406
2671
585
2528
257
143
729
413
3628
2519
22
1865
825
2523
1944
2525
386
3430
2788
3665
1319
2322
2532
1248
2534
3480
2536
2214
123
1393
221
3437
2932
2543
2609
1725
3269
2547
666
2559
2550
2520
3590
3909
732
2555
263
372
3256
296
452
2804
1998
740
2695
1651
2210
2896
654
2569
1430
3856
2572
110
3760
2102
151
2815
1406
2579
80
2581
557
3733
185
2585
150
2587
2871
1643
16
3354
1071
3366
1634
538
3165
1525
2598
1860
2171
648
3583
416
489
1364
432
2517
2608
639
2286
2491
1127
3144
1314
851
2616
158
3933
1540
1661
3387
3082
869
3790
82
3271
51
548
2303
2621
1211
3106
1489
2607
3923
1706
2918
2638
81
1620
2057
360
248
383
541
1219
343
2648
2831
640
1743
2652
2944
558
1800
1616
3529
108
3484
232
1342
241
3465
845
3257
1781
3404
985
343
1150
384
282
720
3783
2878
440
75
2600
136
1881
3486
2717
297
625
730
2686
2687
864
3880
399
2799
3101
3413
2694
2586
1740
1350
2698
3011
975
3588
483
2453
3988
2705
2801
3405
2426
2709
847
256
614
2713
693
2715
181
2111
3225
967
2163
2425
1586
791
1115
3573
238
916
850
2729
3427
2513
2053
791
2718
3328
2776
2737
818
2739
2740
3244
3827
2956
1146
2472
1820
3245
126
2749
2511
1903
362
335
191
1470
417
766
3022
2489
1690
387
1531
3373
1830
244
2766
2767
695
383
853
1398
2909
3146
1436
513
1859
2325
313
855
3501
2781
1597
1272
3692
983
28
2438
528
1613
549
3589
3899
2793
3204
3578
995
234
2490
1583
114
2132
2802
2965
2075
2805
2730
241
514
1579
679
593
2812
901
73
3543
1553
1052
2818
1630
1750
22
3672
2384
2501
1949
2826
2062
1843
2829
2830
3301
2387
580
3310
2835
270
897
1355
2763
1550
2841
105
2418
277
295
159
2847
10
3117
295
3287
783
1779
3203
956
3849
2857
678
1516
171
2861
2137
3147
1485
498
2996
823
787
1493
3998
418
800
1447
3858
930
3130
2949
3242
2689
1
1003
275
2883
763
2499
741
2887
1379
214
260
2891
669
2893
1732
2895
984
599
1255
870
425
2332
2902
472
1159
2492
2906
3951
553
657
1670
2628
44
3218
570
3953
2080
897
1821
687
2920
1641
428
1880
347
1518
971
346
1464
1041
342
1274
315
2526
2934
483
58
129
2930
1727
1708
2614
3699
1850
453
2301
3532
860
230
377
2950
3776
1173
931
3525
2280
1172
485
926
2959
899
2653
3569
1457
743
552
533
2401
863
3677
204
130
3526
2973
3595
1053
906
508
995
2979
2980
20
1862
317
919
496
2774
3636
2988
795
1813
716
912
2700
3831
349
621
2997
799
1684
111
1167
2645
321
3308
562
3006
1134
3620
3201
1905
862
2095
2244
747
681
3016
628
3018
2702
563
1842
1559
955
809
1399
911
958
2241
3029
135
3561
1209
1849
871
570
1103
323
173
559
1335
2051
33
3038
3975
1178
1228
3080
71
2982
290
202
3274
3231
2594
1281
2817
3128
2465
3830
3031
2846
3062
3063
3064
213
3066
3067
1505
2238
773
3071
3693
2591
2832
3075
2176
3077
993
3079
2696
3081
1854
928
2892
1904
1482
424
2604
172
388
1548
212
2169
3041
2675
3096
457
499
3339
1458
2316
3102
3461
3375
531
1276
1992
3180
183
3618
323
588
3113
281
1318
2524
873
233
2762
3820
3346
3683
2375
315
3361
2482
3319
1357
2649
149
2320
2867
4
1551
1077
1416
1020
1631
1592
507
3141
261
1716
553
1660
3188
246
1701
2451
3855
2865
3524
95
3398
2360
3314
1326
3691
3159
3160
3161
2166
746
199
2493
760
3167
1655
146
1946
1316
2446
124
3174
3517
3641
3729
977
3487
3655
2928
1699
3463
2512
242
3186
3567
417
1501
638
423
873
1907
2948
3657
411
577
976
1957
3200
3451
659
153
1081
1900
1109
3429
3343
2272
16
920
2690
2753
3847
3215
3216
753
2358
3219
428
3994
3940
968
1101
2172
3635
971
3228
736
733
2357
284
1826
3234
1324
399
3138
601
1230
3023
3241
749
3888
857
141
475
3247
3678
3012
3267
278
2669
208
86
523
2558
1417
954
939
711
3477
3351
1160
3797
1757
3166
868
2048
2735
2404
2836
1687
131
970
922
2510
578
3278
2726
134
25
551
496
1669
1312
2198
1365
1237
1909
388
2027
2632
3977
607
3586
3296
19
3684
43
1197
773
3771
1004
3874
354
286
1857
3623
1250
53
1320
805
174
2181
3315
194
461
1428
2419
260
109
3633
120
405
3331
3326
3327
1783
33
527
934
2330
267
2503
1286
2233
3554
3065
3148
846
2213
1823
1872
3630
3597
867
2154
3817
2868
61
3846
74
3886
1369
2856
3356
292
3690
125
348
2838
2626
3363
1348
564
1259
885
3368
3369
1888
393
3118
950
540
954
923
2221
303
371
1066
1169
3436
3383
2277
1989
56
406
357
3389
3560
833
3259
286
3266
998
2743
2407
212
1827
3400
1977
724
2112
2225
3941
2814
2088
3403
1567
3110
367
3617
0
3551
386
3416
1321
927
179
683
3848
3577
3423
1300
3857
1087
1414
3772
1269
3702
3431
97
184
1839
2312
2537
3868
360
418
1431
3280
83
3036
576
3732
1148
639
707
1021
536
684
3142
1258
3454
3455
1207
2947
439
837
89
2173
3462
2232
877
70
90
449
3468
91
2356
2660
2412
1466
244
3475
3476
122
2252
3479
2331
685
1185
2845
2914
333
525
3168
532
1329
1459
268
2011
646
1378
3088
3496
1043
2278
3499
3889
2780
105
502
1772
3505
3506
450
1856
803
3510
1349
3512
3513
3379
2946
961
674
1225
3519
3472
1811
895
3523
808
892
3725
30
978
2125
201
3409
3438
2467
682
3822
883
597
1182
717
1212
2744
670
3852
460
2138
924
1401
2290
1730
69
3414
3321
1768
843
389
167
3557
306
1936
748
2821
3562
3563
3564
1765
3752
2068
3568
2539
2968
1777
1974
3726
782
2769
269
1833
3818
623
2728
1787
2654
2186
3584
2605
95
2470
3158
3585
1344
1220
253
3593
2995
2009
827
916
3197
87
2405
3601
896
3603
3184
3952
2840
3607
1000
965
1442
2156
206
3268
400
3182
2784
452
877
2658
3008
673
448
65
2925
759
950
1793
394
2611
88
3305
692
3796
544
694
2679
3295
3638
2548
3154
583
2226
190
1617
455
840
2314
3648
1685
3650
863
906
3653
624
200
637
39
403
2636
210
3661
312
332
410
1253
477
3548
948
689
2618
2107
2374
3673
858
1189
334
2657
2516
3679
2860
1997
3682
2190
1845
3042
839
67
3047
2970
3164
118
620
188
1382
3078
3134
2293
798
554
3700
2495
1047
492
3704
123
888
3707
751
667
1751
1767
468
3713
2962
266
2126
3696
2757
2367
1389
2889
3829
423
1120
2972
3347
2692
797
3177
245
3731
2321
2529
3734
573
1152
207
2746
3227
213
2786
2945
3743
3640
3285
3123
2266
3748
725
2633
3751
459
3779
714
2065
2622
659
180
2573
157
845
1244
3555
432
3765
3473
3767
1156
2701
2966
2881
3972
3447
1825
988
1663
676
1199
798
2299
532
2927
102
325
579
3053
3787
2274
481
2942
305
304
3340
246
3574
978
1105
676
471
1029
493
3802
958
158
3805
3806
3807
1157
2297
3810
1044
3625
2778
1600
2957
370
905
2224
3819
917
1749
345
3823
2149
3791
3362
321
2720
3908
1438
486
3871
2267
849
1354
3836
2742
718
289
1910
3841
266
848
3045
1511
3485
3214
1426
308
3850
391
2910
113
3854
814
1415
3425
3917
3859
3828
168
327
623
3979
3872
1306
2496
1215
1964
837
2296
2834
3873
1943
2391
2733
3877
2270
539
2359
3307
3542
312
2844
174
3353
3887
211
3545
49
331
1425
3893
952
3556
336
628
871
767
795
2811
208
3007
2378
3905
852
3322
358
1648
2396
3911
329
3025
3914
938
619
99
2939
1984
3920
3086
2584
138
2522
2935
1128
1538
3928
2142
54
1289
926
1090
2552
3313
2879
25
3938
3939
581
820
1035
2803
881
838
2047
1778
1453
2998
3950
3669
91
3629
3001
1213
932
1153
1621
471
3514
3961
3962
3963
1313
3965
2789
2141
3105
2071
3598
155
1492
999
2070
2022
663
742
3647
29
2905
3981
3982
160
688
3985
1601
3987
3303
1875
768
3991
3498
247
571
1698
3996
899
3100
733
