2095
47
50
231
1837
2824
3283
3177
2166
2813
10
2140
2764
13
3597
3945
4931
17
1489
3670
3869
1283
1199
495
24
4429
816
1422
3661
3517
2186
3455
3934
2477
34
112
1557
3477
3370
4638
4117
4497
3363
3389
2870
45
557
2727
1286
1253
518
4295
3104
53
3089
2430
3954
133
713
3776
1632
1477
3992
4416
2774
3562
2110
1825
1349
1356
70
4214
977
1777
3460
1828
4646
3758
2581
1730
3464
238
2662
508
84
2712
3082
4601
1841
2243
1305
2074
1168
93
736
4254
1882
4736
4323
4156
1190
101
102
474
891
2506
3045
3109
3837
4094
110
1047
141
1595
2409
2246
4760
3629
650
1307
2298
4946
410
123
161
1472
126
455
128
439
2185
264
4656
1451
1134
2220
333
1008
2817
1379
1314
1284
1016
143
4165
4187
1732
1183
148
1848
3044
4491
2601
4072
3784
2512
2974
3141
3334
836
3015
3355
2752
4672
4075
159
166
3514
168
3679
65
1227
465
615
567
4332
176
184
4055
2585
74
4328
182
3634
3687
2451
30
1801
4981
3215
1380
191
3656
193
1334
1243
3385
587
4592
2703
2787
201
4348
203
796
4182
878
2878
208
2026
2578
3677
152
4909
2619
2295
3258
3328
218
219
220
221
222
1421
2326
3483
539
347
4925
937
1430
4384
16
2289
1009
3756
1910
2483
3507
1984
2079
710
3275
1995
244
4019
46
1525
248
3103
4111
437
252
4617
2691
2327
1659
1011
3394
2577
197
2791
3292
2410
4606
3892
560
637
1033
135
4401
3905
1553
2517
4900
4561
1125
2198
956
4393
4678
4397
1247
2302
1812
3007
2673
4349
288
443
4166
291
456
87
4756
295
1658
2340
298
3665
629
1656
286
4722
304
997
306
3148
2163
3550
69
4237
4919
3946
4467
215
1151
251
318
1373
320
4127
3265
323
266
3987
326
327
2437
329
73
331
382
3881
3487
1273
2362
4062
4713
2701
4903
2899
450
3851
3652
254
2495
4047
2802
4500
2061
2053
1107
3391
1420
680
40
4246
3618
359
360
1393
3027
363
740
3221
3799
2713
354
993
1650
4163
3144
4739
374
1547
2935
3780
378
3368
380
3343
332
4584
384
1019
4884
3242
660
2569
4104
4878
4718
1075
3396
1693
4179
397
3295
3424
1590
1870
661
3827
404
3358
812
2779
854
1104
3702
1570
4095
4831
200
415
416
3252
3325
3401
2896
1653
3407
2984
4159
4788
1987
4929
3999
429
43
2157
2384
636
1538
28
1710
3868
4696
2631
3741
63
499
1160
2543
445
3021
4721
2928
442
4959
451
3985
3213
2015
4879
292
3397
2969
1551
4307
4499
3638
2855
885
313
4521
325
4533
3193
3947
3504
3709
606
1468
255
476
1204
478
4911
3062
481
3959
483
2668
485
3539
3573
488
3414
4287
3481
492
4007
494
4223
2145
3789
498
1469
673
3008
4706
503
787
3311
2214
507
4532
3129
4719
4947
4469
513
863
2235
4807
4548
3316
519
1707
2360
1448
4158
3262
2624
526
3364
4962
3848
1055
531
3963
1645
3097
3864
2067
537
3115
4106
851
541
1631
1616
544
2465
500
3711
1262
1920
1216
3459
4961
4663
502
1500
4327
246
2982
3610
1501
561
276
4895
1662
3983
2795
698
3204
1269
2748
2696
228
4795
259
2592
4144
577
3952
579
2823
4640
12
562
2864
2613
2810
3543
4732
1642
1186
4568
4356
778
594
1291
784
2461
2880
2758
702
4415
602
1124
104
195
3232
3518
1399
609
2391
4414
2558
1669
2785
71
4476
617
2915
489
4
621
2811
4282
1028
117
199
1320
3521
300
1128
3738
4493
2363
4747
2313
3650
2610
3060
2282
4707
2122
3843
2472
2653
1060
3902
3795
648
4813
2125
651
652
2561
817
1279
985
657
907
4817
883
2484
3255
3846
3764
4819
1095
667
1622
638
1709
2760
4502
2947
3489
2468
1425
3852
3419
3516
3801
4410
682
1039
3926
1031
1721
418
4224
689
598
3958
692
4034
1516
2643
3157
1983
840
1300
4577
3294
4236
826
1317
99
1306
2247
2051
881
1985
2453
2872
58
2957
198
4830
862
4285
1410
724
2486
722
1566
4461
1724
3127
727
3331
645
4189
2269
2739
4284
2604
4785
3680
1338
3147
342
3225
131
742
743
744
2292
723
747
1299
749
4495
3347
529
4643
754
3598
1258
595
1372
2549
2766
1963
2261
3114
3345
1625
2794
1633
768
769
832
2120
3565
1397
3747
4609
776
867
3569
2637
4665
3744
782
2654
4404
1396
786
4077
2244
789
2161
3531
1854
2941
1937
4032
3454
3198
1741
2351
2060
1847
1288
2398
3400
1018
641
807
2366
3030
1194
1518
1918
813
4833
4064
3228
4330
818
4861
3829
4082
2556
273
1207
4876
1530
1734
4738
597
4321
1864
1651
4810
834
835
90
464
2728
419
1950
4524
2284
1797
719
845
4744
4539
4999
3415
4864
4018
852
853
3595
3026
3278
2716
2058
3613
1719
4835
2923
4767
4529
3380
4716
4441
2133
2343
870
1003
1945
3736
4702
2277
4865
2724
2151
212
924
0
1375
2080
565
4413
792
2733
2088
889
1332
3243
4673
1419
2641
4966
3580
80
3558
2573
900
2165
4873
4420
2883
1842
2869
270
174
4955
910
4309
3416
913
4063
2077
926
3631
1667
3883
282
921
4570
1015
2912
4093
4466
3544
423
1063
998
4598
3815
933
1960
1032
4021
4918
3857
2404
940
3426
942
976
2281
4832
677
2227
948
4380
3825
1082
4587
1649
1271
538
3190
957
3724
3728
4681
134
3911
3943
3591
480
2952
2192
2563
1092
4250
3793
3502
2443
2922
1345
113
1836
704
1681
3626
981
4888
3057
2405
586
3450
987
2421
3210
4286
991
1977
2938
4737
4480
4829
1201
2768
1321
4290
4342
1105
4674
3099
1005
2948
4942
3607
903
1603
2286
1298
1302
4029
2730
829
1784
3611
4898
4851
247
1022
1023
2347
1025
939
3298
4897
4026
1030
2455
945
2279
2834
1441
4310
1263
725
1863
52
3700
3876
3359
4492
2661
2030
1874
4326
603
1050
2209
3688
1629
3603
2956
3420
634
994
1059
1527
1061
2723
1036
1996
4597
1225
4913
1941
2063
4812
3739
1072
2750
1074
393
1076
1097
403
76
4424
4023
3263
4751
1084
186
1086
1652
2916
1438
1988
3333
2188
434
3928
666
355
1997
3052
1099
4820
4038
1900
4506
659
3813
3479
2999
1177
2021
2352
3508
1802
1113
4774
1789
1504
163
4035
1613
1002
153
4345
1088
3149
630
479
1127
2256
1129
1130
929
2113
3035
1020
3032
1136
3774
741
1887
1433
4770
4600
2087
2628
1145
3432
2596
4979
2458
1150
1164
1507
4068
1604
1155
1156
4563
1158
4173
4950
717
1162
4838
3473
3320
4949
1453
92
4472
1170
1205
1172
2412
1475
2622
2372
1108
1178
1891
3090
3698
4630
3072
2889
3439
961
2568
1188
1189
3538
3790
553
4440
4874
3632
4845
1100
1808
1212
1592
4262
2939
1922
1436
1367
2594
4857
82
2682
1876
4954
3054
2162
3132
1215
4483
3496
2562
3614
1220
4987
2438
1223
26
1053
175
1785
3699
2334
714
426
1822
3695
3898
3734
4757
4971
504
1239
447
3075
3768
3309
1244
3095
4061
2618
1248
2031
4280
3150
2497
1007
116
414
2814
1257
3568
2147
1260
1261
1747
4552
4005
828
2148
3472
4902
1806
2485
1175
3877
2600
1274
2069
1297
2850
971
4231
4131
2490
2045
2901
2796
1285
3962
1206
2881
107
1952
884
1366
1654
1
1295
1111
2168
68
4814
670
1301
559
1303
2675
1711
2446
4590
2439
679
4154
3270
1312
4543
4573
1052
3644
1851
4844
1348
797
3447
3337
3135
2913
4957
1159
3259
690
4340
1617
4324
1154
3664
4982
4745
1214
162
2263
4155
4509
1341
2737
4691
4297
3676
81
4708
4203
4474
1350
3284
949
1893
309
1355
895
1512
1358
644
944
1361
3560
4030
1027
1787
3575
3690
1368
2254
3765
590
593
760
1980
2994
1376
1377
1378
2548
1118
1976
1382
3974
2226
2348
4860
2322
3830
3083
3239
1391
1392
1660
520
1311
3796
91
3966
3649
3722
1401
1447
4778
2221
869
4050
1330
1408
2432
4782
214
1488
1413
2550
773
780
3120
4438
2736
4320
2062
1830
4863
3719
4335
3386
3866
4933
3230
3276
935
1035
2116
4787
1690
3285
691
2690
1439
923
3491
1442
800
4048
390
2440
1502
3953
1449
316
849
1899
3207
1930
4574
4124
1929
2397
1459
2463
1461
3381
3091
3100
1465
3976
1268
3339
340
1470
3087
260
1406
2648
4522
3717
1181
3353
1479
3686
2444
1482
1793
1484
1485
4193
1487
2323
337
3941
1491
3537
1493
4031
2299
3361
232
2605
2002
2342
839
663
1503
2799
1505
1506
4612
307
2393
3510
3787
4482
1513
1142
315
4252
4894
3223
448
1322
1521
611
1427
3986
4149
4304
2303
137
1529
4276
3167
1596
1533
3224
1535
642
1537
4432
4575
1096
1757
1038
4152
249
2970
2686
1292
711
4867
3448
4109
1552
3160
2951
575
1571
3297
2492
2102
3991
4904
2156
459
2306
2689
2773
919
3152
4556
4361
3969
2134
1120
338
2514
2815
4642
3412
954
4790
4318
2921
4040
4595
1750
1586
2987
1267
1815
4680
3484
32
4792
1818
4800
1688
2909
4004
591
4968
1601
3886
3655
932
3982
3933
1896
1429
1609
1610
460
1813
1119
3647
194
3760
299
4886
2241
1835
4202
1275
351
2447
3956
1866
2191
4559
1776
1630
542
3405
4423
1634
2722
1636
3233
3689
694
1640
4078
3635
2493
3342
3566
3410
2877
1713
1663
2003
412
1087
421
1600
2009
3890
4943
2210
11
2387
3024
357
953
3130
934
3572
918
1668
4392
521
3211
4724
2595
1674
1675
1993
4195
4791
1679
4927
2320
311
1683
3388
4735
4180
4066
428
1254
4536
3748
1123
1607
4347
1695
1696
1697
3128
51
1700
4580
4301
1703
1250
4041
3374
1602
4181
3666
2674
1388
1949
1242
1584
549
2510
931
3456
2931
2633
1672
2272
4749
3490
1725
3002
48
1407
3445
1068
2759
2399
1318
618
1720
2858
3511
1458
345
4455
59
1742
1456
1416
730
1961
2665
1344
1936
167
4183
2832
1753
1208
1755
2819
3545
4422
2989
4666
23
1913
2027
2208
2892
3033
1959
2482
2076
4576
1556
2368
3
1892
61
2620
3181
1778
4394
2857
1374
1782
646
2142
37
2871
1091
4417
2318
4549
4825
548
1619
477
1795
2589
764
1133
1517
700
4842
124
2239
1804
4197
4976
2729
3555
777
4657
367
2638
2224
3808
2567
4405
1582
684
3594
2698
3367
1862
4369
1824
1799
4664
3919
1001
1829
4558
2971
1832
1833
4571
4704
2496
1138
1953
1971
1840
3701
3406
132
1323
3615
936
4112
3841
4972
1850
3672
1122
2287
1846
3807
3997
1857
4779
4205
1860
4366
551
1790
4542
1865
4750
3910
3113
435
210
3016
3373
2154
3659
3351
4786
4291
417
2664
4067
4081
3759
2064
1877
1885
2744
3972
3246
1805
1890
532
1856
4121
2071
1944
4856
1897
3029
2886
2746
192
1902
1726
1644
2542
164
1014
4264
4794
4046
4042
422
3782
1914
1915
2037
775
4799
1919
4341
4611
1394
2695
1924
1925
1926
1452
1928
4313
2381
2042
1932
2137
2639
2706
4811
3073
4177
1939
3392
401
765
4249
4350
3056
2840
1838
4316
1712
2775
4875
7
1639
1954
4855
9
2513
2822
4148
1508
145
3574
893
4997
4167
2679
1454
1968
95
1970
1464
1499
1973
1738
1975
1081
1403
3143
4274
2336
395
1982
1315
2
904
1986
2602
4436
2411
3449
4437
3051
1049
4185
527
2812
706
2417
118
2000
2403
1325
4141
669
2005
1608
4325
3308
2274
2010
3427
4400
763
2014
3319
1581
2961
3013
3927
2749
1109
3623
3469
365
4881
4059
2365
1483
205
1176
1249
179
20
2583
3261
1948
2259
3532
3163
4145
171
1767
405
4871
4658
4619
1180
2048
1400
2635
1080
967
3393
2933
2016
906
75
3725
4142
4985
3102
676
147
1217
4512
2291
4945
2753
312
2761
2740
2072
4016
211
2172
2755
3529
3010
240
3131
2684
898
1731
3076
4540
4579
545
4138
1786
3124
1819
1137
4776
2094
1085
2720
4675
4490
2099
4796
2039
1692
3421
2353
2105
990
2107
2108
3816
66
4695
3346
1424
4242
583
766
3914
388
4645
718
755
335
2902
2124
4644
250
4360
2128
4883
1917
2131
2132
353
1316
2135
2136
3038
1532
4218
2450
4088
4671
3049
2219
496
142
3590
349
4355
1657
697
2152
2153
1026
4273
1931
4822
3856
2159
272
1908
1536
29
751
1417
3196
1149
2019
779
4647
1478
1290
3387
2532
3735
1771
656
715
269
2180
4604
2182
2183
2307
2742
968
106
2422
3786
2190
4697
1839
3423
3154
4208
4003
2197
1620
1494
1943
860
3754
3323
3785
2205
728
4940
4840
1051
105
2211
2212
4385
4758
588
2374
877
1545
3968
2310
4170
3162
1834
3249
3648
4157
2671
3716
3937
4403
2402
2232
189
1266
431
4531
2144
2238
2106
336
2066
2242
469
2765
2305
2225
4527
2248
289
866
2804
383
4588
4877
2255
4772
4994
2780
3588
4858
2762
4049
4132
3606
2265
4986
3482
375
3079
2270
556
1445
3554
1251
1034
2997
2169
4834
505
2280
1037
1666
2778
3921
2985
2040
144
2288
3257
843
432
2266
2685
2588
36
4507
1655
4464
2052
2718
3111
1209
4000
973
2959
643
4991
4809
190
2865
4896
2978
4107
3925
4426
1066
2146
4444
3957
4983
2321
1276
3897
2324
2700
1849
1869
2328
3256
1597
2331
4677
2333
911
1185
4431
2337
2338
4593
3192
2341
2776
3155
2954
2345
3184
2471
601
2176
905
799
3653
624
2973
4459
3657
2357
2150
2359
4427
980
3349
1395
4100
1763
3948
2919
4463
4161
2370
2371
1528
1000
2216
4257
2339
3119
3704
4116
2657
4334
3828
2383
3382
2435
1670
3865
2388
4901
4585
4560
2392
2203
4053
2395
3548
4012
2670
381
1714
2401
3879
2725
475
732
22
4618
2408
1541
2378
4439
2644
3310
3236
1577
364
2777
4386
757
3520
3922
2646
3418
578
1240
3988
2427
731
3042
258
2688
4247
427
3515
2709
202
4283
582
2418
3118
2441
4613
572
4841
4848
2181
546
150
2230
983
1492
838
4102
2904
4746
3245
2751
978
2364
2425
2910
2187
482
2672
3291
2466
3005
675
2808
3281
4382
842
3955
115
2475
257
33
4978
2479
2863
100
2676
4893
3559
3870
2139
2121
2560
658
4228
4255
1390
330
3737
3682
1510
506
267
2499
243
3081
1398
3540
2504
4108
3586
1340
3589
4572
3264
720
155
1957
857
3365
4101
525
2518
3524
4930
705
2522
2523
3773
2525
470
3462
758
524
3791
791
4206
2533
2534
2535
237
2537
2538
4027
2540
752
3844
2377
623
516
4880
3646
986
759
1252
2944
2552
1389
4054
2555
822
3592
79
4653
992
1354
1179
3301
2564
2565
830
1783
3961
67
2350
861
1689
172
1234
2575
2001
3845
424
2579
2580
224
413
3798
3279
2874
2586
4292
4869
535
1733
2591
3802
2593
1192
785
3182
4639
3770
4243
2096
1873
3326
2798
1405
4371
2456
3915
2608
1994
343
2394
2612
4172
802
2615
2616
2980
2861
1523
1624
2258
3624
3306
2396
2614
97
914
1144
4889
4128
2551
2632
3475
2059
3271
4766
4251
3750
1934
3360
825
2426
1775
2500
2300
2566
1768
1352
4303
3975
2651
4278
721
1881
4679
865
3671
2375
1781
230
2743
699
4632
1879
4882
3107
3721
169
2669
3651
846
491
463
1293
3913
4784
2677
1094
1381
4773
3673
2927
3781
2932
1967
1058
2559
3581
1565
3092
3604
2481
2693
3088
964
1287
4731
4024
1821
2553
3880
2702
2143
2697
274
3435
794
1296
2196
3499
2202
1139
683
3730
468
1623
1811
1978
2719
1981
2721
3809
1064
4256
2576
2476
1103
2505
1791
3996
1615
1591
227
3658
2735
2930
4269
3352
1021
3112
4381
2119
1089
1635
2866
2747
4176
55
1432
1946
604
3467
319
687
1769
558
2757
3187
3438
2705
4299
1102
398
471
1319
3708
301
4194
130
2770
619
2772
1559
4920
3707
4922
1739
3486
217
1045
2023
2782
1906
4775
3567
628
2301
3627
2789
2790
4477
2792
3862
1702
3535
4546
2164
2603
4620
2800
3628
3282
2141
1131
2805
4717
1435
2467
2545
1259
622
2652
827
2018
1191
920
287
2977
3930
196
750
3944
3145
3549
3025
2826
2234
3584
234
2539
4655
241
3063
995
1898
2836
3875
2454
631
2082
4261
2842
4080
2844
1165
2846
3860
3674
3017
1473
2851
341
2853
2854
4824
3703
4160
1498
2859
4941
4578
2862
795
3998
3139
2806
554
3763
2769
4263
4538
1363
1912
3777
2891
2876
2215
1859
2879
1966
4192
2663
3637
2884
223
4915
2887
3064
2406
178
770
2830
140
890
4847
4377
2897
1895
305
2900
216
4562
671
1594
3335
2906
2907
3136
2043
3208
3047
880
1816
3004
2843
3288
1246
2918
497
2325
1817
855
1972
1106
2367
2926
930
3457
2929
4899
2316
3084
2054
2934
3904
600
3173
1761
484
2940
1101
4694
2943
2508
2945
4358
3630
4387
493
2732
1526
1845
4990
1304
2955
509
1230
1384
3967
2960
486
2962
1167
1612
4517
4376
3444
361
4581
4375
4740
2175
1888
430
3530
1006
1935
3608
3579
2617
1661
4623
2983
2376
3636
4660
146
1599
2820
4225
4402
1542
4938
308
3159
4395
3126
2847
3522
4271
4043
3466
2332
564
2361
279
1440
3612
3814
1309
2515
2942
3840
265
1549
4676
2726
473
2355
824
1161
1210
1875
3009
3838
3767
3321
8
3165
3065
2950
4462
3692
4727
3055
85
1040
3031
4567
4711
737
2489
2584
4288
4367
2649
1905
4147
173
4119
4457
4635
1555
2206
3069
1294
2167
1236
640
4219
2868
452
2055
4133
3037
3202
3330
3817
2013
4174
4086
2546
317
3818
4445
348
1701
4259
109
3344
283
3752
989
771
2979
1197
4891
284
2667
4818
3570
1979
4378
1992
4649
1115
975
4523
3582
472
916
3093
1766
2687
2025
4433
2252
2251
4125
321
875
3369
409
1820
1990
441
3990
4859
3001
1746
2829
1706
4720
1927
2228
1460
3203
4374
2452
4973
1476
4300
1758
487
2309
3468
4454
235
3645
4418
4322
4312
4470
3727
2073
3812
2382
653
2245
2177
2101
3269
4729
4827
1434
1203
2988
2745
2914
4232
4484
3622
2469
3175
1698
1843
4045
1611
4654
407
806
858
927
2207
2117
5
4965
969
4816
4071
3153
1264
4984
2801
3399
4017
1561
941
1193
3715
4398
2173
3006
734
207
2964
1237
3908
510
3409
1880
2694
399
3557
820
3523
2531
3428
3858
3681
2839
4130
871
3900
461
4741
3668
1166
899
897
4379
4917
4175
3066
580
449
4353
2267
664
385
3498
4526
1861
4854
389
3501
4085
2189
1780
2831
4648
3293
514
1589
1466
1342
2629
2264
4763
2837
3078
814
1745
4471
4036
1562
4022
963
2078
4244
3312
3697
4196
352
550
2308
1969
3585
2349
563
2756
707
966
3053
1809
1901
819
2767
3043
1576
3547
3238
3061
2296
2201
4134
4821
4058
988
1370
2487
4272
4625
4226
4698
1272
2271
3912
3171
2290
1146
3854
2707
1574
3470
3836
686
613
756
3762
1495
2708
366
3039
400
3433
1580
1211
4670
2986
972
2431
4652
3395
1647
665
4122
4370
2089
3101
922
649
1462
3123
3907
2890
1779
1071
4002
3314
3375
2138
2621
3304
810
915
56
4443
2213
4956
2449
4525
3214
2065
4227
358
772
3098
2516
1956
3733
868
1069
119
3200
310
3201
517
376
804
1044
181
3219
394
2818
4748
2293
4090
3272
1437
372
4688
2012
3028
2260
64
3209
4892
4826
952
3693
2473
1598
1554
3170
4534
1278
2223
2457
3067
2389
1752
4153
2231
3642
2329
3425
2894
1056
1496
1519
3917
2680
570
3662
3497
1955
4725
2623
4723
872
3277
4411
3322
864
4065
4294
2860
4201
4450
4013
3121
3667
256
928
4921
213
1232
793
3156
4705
1213
2630
377
2086
4690
620
4399
745
626
2625
4701
662
4191
4465
2738
879
1337
1723
3685
1989
4885
4804
1335
4076
1539
188
501
584
3237
406
4087
596
568
522
3596
2920
3691
1685
2793
1524
177
753
4948
21
3125
4641
3341
947
746
136
533
4266
4687
4110
2480
1903
4319
1457
2123
2240
4730
3821
3299
285
4937
2109
271
1198
811
3863
2937
3166
1143
3034
4120
2428
3973
4337
1621
4270
4091
1423
4683
635
848
856
2112
3197
4541
4622
1415
3226
2474
1010
4659
712
3578
1827
2129
908
1313
886
334
3315
3619
3077
2598
3286
3191
2380
4084
408
3600
3172
2035
3720
4305
3923
1965
2835
4935
4637
2083
3168
2199
4221
4743
4996
2526
574
2626
4516
2821
850
3918
693
3106
2297
3769
733
3519
2097
2179
1152
3850
1754
3797
6
3820
3003
3909
1737
1676
1858
1411
1042
2571
1221
874
3273
2607
1511
1412
3696
1626
1509
3978
1157
3437
3463
3110
3873
3142
4944
4934
4650
4020
2656
4351
2024
3742
78
4781
4553
2841
1921
1627
1911
2507
4211
3474
2627
3746
2995
4352
4373
1404
4314
3970
1648
396
4515
3327
3887
2852
1578
4073
4190
1886
3778
540
454
3441
4545
1182
2678
3536
2803
4734
1327
571
4769
625
3452
156
3422
3995
3503
86
1117
1852
4006
2049
528
2204
960
3805
3823
3950
3122
4685
1471
280
4759
290
3896
1241
4742
589
466
4298
4710
1605
1132
951
2511
555
4964
3859
3639
612
2990
2783
1235
3729
4669
2171
996
607
3500
3740
1682
4628
2126
1762
585
35
3189
4485
3290
1909
3376
1310
3593
1628
242
4025
4265
4448
346
458
4862
3811
386
261
1444
1369
4151
4870
3718
4621
3046
3036
2968
4733
1544
4765
1184
3932
3683
798
3336
433
1362
3403
1467
18
2354
3434
2038
1048
425
1426
2714
3583
3442
3794
1884
3803
3227
2895
4150
4853
633
1359
138
2856
2317
1463
1141
1520
3180
2330
1568
4184
803
1844
4530
3512
2936
3234
4453
4105
438
1933
1414
3621
1618
573
2888
716
4715
379
2967
4974
2501
2312
4849
4359
368
4308
3161
3218
729
3332
709
4566
1567
632
158
3732
2236
3556
4808
3240
2875
809
2711
4245
3071
1385
639
1889
2004
314
293
4200
4233
2992
3878
4267
2170
888
4451
3068
4980
2174
946
4057
2867
2335
2873
681
3377
1765
122
467
3117
3140
4551
1831
3633
204
3889
3313
1743
3989
3616
1664
1800
2981
1677
4139
3137
4610
387
1173
4928
3431
3771
370
2816
1171
446
4051
1883
4407
1638
3894
654
3086
1853
3640
57
965
1409
2315
3705
1814
2993
4364
552
3080
3480
2319
2249
3253
4793
2554
837
4056
3964
2127
2547
4479
2972
3855
1093
4137
1699
3169
1684
2898
4475
3779
4164
1336
3893
3842
3356
2838
4591
2273
3398
2100
4363
3348
3755
909
4953
3751
3981
4510
4494
1759
4564
4333
896
4070
3731
523
4605
1233
2194
3641
1543
2645
902
4099
3186
2118
4489
4481
2356
4960
2346
592
616
3453
3176
2130
3571
2763
3714
4096
2797
511
4011
4686
4446
3924
19
3194
4684
4975
647
4241
3488
3542
4603
4178
322
3000
129
3408
4589
3296
1098
4843
3772
4336
534
4008
94
3935
3757
1486
1641
979
1255
362
2414
1678
54
894
1718
3903
411
206
1112
1563
1365
14
3231
1256
1614
4235
4412
543
605
209
1938
3960
4910
608
4248
3541
3357
1387
1121
1443
3302
569
1428
2666
1041
1942
3174
263
111
3663
2908
2011
1564
4906
1717
2460
1514
3338
4329
4238
4209
3019
2519
1531
4293
1540
4406
2809
4487
2925
1265
4123
2294
4212
462
4550
4802
4511
2434
2429
917
2917
3938
3443
4692
2541
4602
4755
4661
4914
4993
49
982
4171
457
3533
1195
2786
1794
25
4289
3216
4544
1748
324
1904
2599
1062
3451
3853
4777
4354
2976
2788
2924
4514
4823
3810
2386
226
1680
1073
1770
3546
3070
1871
2975
3350
2075
2905
72
1070
3179
4866
4836
1708
3404
89
999
1587
1643
1446
1751
2520
566
1224
2717
2965
4631
3527
3899
1331
2582
1090
1727
1474
1673
1558
2098
3936
1637
139
3553
3390
1687
4460
2155
4615
3743
103
2991
4689
3506
4958
3305
1126
328
4074
1807
3605
3074
844
3984
62
41
4709
1004
4468
901
4806
373
3706
4504
2827
943
970
3108
3526
512
3654
1360
2527
2314
83
2311
3446
1054
3931
4805
3884
2195
2047
2229
2570
2710
2275
1480
3317
3577
3965
2660
350
4217
1916
4344
1024
3609
4199
3379
2092
4060
2807
2029
1569
783
4916
1339
1593
2634
3440
1187
2524
3495
1386
3871
4535
767
402
253
4508
2084
1012
3362
1940
4092
3471
2178
3882
3303
1764
761
4281
4528
726
2436
3835
4967
3465
4215
3478
1402
3085
3199
4425
1346
2640
1744
4044
3940
3220
3280
4143
239
444
2250
3901
1974
4762
2491
3458
3826
4014
1951
297
1579
3833
2091
3206
3617
4714
2433
4596
1728
4651
4009
4001
3874
1277
2611
4513
2041
3929
1046
262
3563
2544
3138
2998
685
1760
4693
4852
187
2020
3509
2218
1455
3402
108
4449
1347
984
1140
392
4555
3485
735
98
703
1894
2609
3849
3287
3788
3723
3268
3761
4115
3834
748
912
3587
4306
4565
599
1583
4390
1868
2825
831
3726
1383
962
420
678
440
4582
2966
2028
1798
2373
2946
3525
1169
3048
2731
4537
4912
4503
3980
4518
1351
3229
3888
4169
3660
2833
3601
4547
1550
1418
3384
3274
3248
2848
1546
453
4162
4339
1991
4372
1792
2114
3178
4629
1497
2415
3041
695
4797
3861
2022
4118
4188
1148
3753
610
4771
3599
1715
120
4097
2958
2781
3134
974
2911
3839
4037
1231
2704
4258
672
3895
2090
344
4343
4317
3920
627
3822
2283
4338
3800
4315
4140
3942
4554
3146
1174
1773
2885
4389
3713
1606
2771
4486
3329
2044
547
3300
4837
4222
339
1281
1823
4627
788
4229
892
841
4430
1867
2184
2419
3340
4754
2741
4391
688
938
3014
4783
275
4079
3602
1572
4388
3712
955
1560
4456
27
4932
1067
2530
125
4712
2233
1810
3366
1646
245
2659
3429
3461
371
3749
3576
4815
4951
2344
3493
3188
31
3436
873
925
4952
1705
4728
4408
4923
3260
3561
3247
1515
4253
44
2528
3783
2032
281
2754
4939
3534
3494
4114
3205
4614
302
1964
1740
1326
790
4302
1826
1691
3324
1329
3096
2509
294
4872
3022
1573
2278
4520
1029
1219
4907
1704
3383
958
4473
2390
2369
2462
2416
2413
4296
4700
1196
4488
1308
1923
4726
127
1228
2222
774
15
1534
369
4435
1135
4989
515
4557
1065
4626
4569
1328
3885
3212
121
4926
823
4279
2498
4010
1226
1772
2681
1079
4887
2529
3551
3354
762
4908
3775
2572
4992
2536
1588
2007
2093
1353
3267
1947
4624
2494
4103
2692
1490
1222
4129
2606
1585
3564
3643
1078
4636
4789
1343
96
3050
3411
4268
1749
3059
4204
4168
185
4240
3505
2006
576
2478
4668
165
1282
4098
1855
1729
3694
2158
3476
3378
1803
4239
2734
821
3151
1245
1218
2217
3979
4753
3993
4434
3217
77
3116
4220
225
4616
1431
2085
3254
2268
3371
1716
4383
3244
170
1962
151
668
3164
3307
2193
3824
2488
3819
39
4498
1958
2464
696
42
2699
4501
2050
4368
536
1736
2445
1907
1999
3318
4346
2257
3847
3430
1481
154
4803
4083
4039
3012
4186
2034
3492
950
183
4033
3792
4634
1017
701
3040
808
3745
4478
2574
4357
1774
4761
4146
1324
3185
3971
2647
160
3250
2587
1043
1116
3951
2115
3669
4633
4839
2903
4583
4331
4703
4089
3018
1722
3158
3094
3806
3977
4230
4210
2103
2459
2200
3235
3195
1013
3678
1163
4682
3528
3867
2784
2953
4607
4135
2070
4998
4015
4136
4995
4028
4963
3023
4764
887
4275
2253
2882
229
2893
3804
149
4801
4667
3372
3916
4442
4768
38
4396
3625
4069
4362
4421
4780
4936
1756
2502
2442
2650
2423
2285
3872
4216
1229
3891
2424
2237
2828
3684
4890
303
2046
2642
2385
4662
4969
4599
2655
2160
2683
4828
4496
356
1110
3413
4752
2658
1796
2963
614
805
876
738
490
4924
1522
882
1548
4365
4113
1665
4234
4052
2068
1153
3020
1200
1788
3710
2557
2081
2057
4988
296
180
4428
781
1270
4699
815
708
4447
3675
1280
277
2036
3552
4409
4846
2304
278
674
2996
2521
4207
2597
2056
2262
4126
4452
4419
236
3939
4213
1735
2420
3949
157
1872
4311
1057
391
1878
2033
1289
3222
833
581
4970
2949
4277
859
530
3906
436
4458
3289
1238
1450
4850
3011
4977
268
2111
1114
847
1671
2407
1202
4594
1147
801
4505
2845
2149
1333
3241
2849
4608
2276
2400
3831
233
3251
2358
1364
3513
959
3133
1371
3058
1686
1077
1357
1694
3620
4519
655
4868
114
3832
3266
2590
2104
2636
4260
3183
1998
2017
3417
2008
3105
739
3766
2470
4798
2503
4905
4198
1083
2715
3994
60
2448
4586
2379
1575
88
