670
547
2
330
229
40
38
147
734
507
10
666
12
779
557
122
648
783
701
95
48
29
667
328
743
504
487
53
789
396
70
31
103
270
568
569
108
434
49
539
464
26
739
159
186
588
440
700
622
138
430
99
76
170
399
307
38
57
117
14
770
354
380
91
638
784
786
67
561
23
70
14
136
322
139
183
139
77
609
435
393
46
525
484
401
17
449
55
476
693
757
195
27
184
359
81
521
749
536
192
74
0
113
688
104
564
72
562
418
233
420
84
112
227
524
68
4
0
650
417
769
266
530
642
124
485
62
55
390
129
683
28
331
133
48
47
244
137
746
549
583
174
142
158
168
148
741
180
145
149
157
640
709
715
531
293
64
68
101
287
182
161
645
163
103
60
431
352
168
194
694
351
750
166
27
669
369
197
178
473
136
296
258
250
510
128
702
187
181
503
151
402
791
301
626
28
99
603
4
239
98
1
2
114
279
5
6
578
8
710
383
468
218
13
147
20
221
126
18
327
423
214
647
309
71
131
41
661
172
469
675
90
303
52
446
444
377
202
313
165
184
41
787
43
445
528
125
20
385
49
50
206
366
441
61
653
56
69
58
305
60
326
350
59
7
65
135
67
778
612
680
71
574
465
80
32
89
77
523
173
80
127
88
716
209
166
25
705
535
156
475
91
6
706
177
204
119
116
98
17
717
9
102
115
42
334
284
107
36
618
23
43
684
592
300
319
657
253
511
696
120
442
347
406
400
499
3
127
189
90
130
237
132
254
617
81
335
519
161
477
745
15
268
143
180
634
532
368
674
149
76
169
152
447
150
796
133
169
25
766
198
620
162
753
493
165
604
285
144
762
395
427
676
220
174
690
453
177
492
191
164
159
125
75
101
534
22
752
341
189
85
198
51
193
235
37
196
3
517
644
183
190
629
394
496
516
544
207
489
153
86
181
271
570
107
247
216
36
316
219
646
191
222
404
224
196
506
32
228
707
317
35
93
587
234
74
236
242
474
452
756
155
246
790
391
245
186
373
248
62
78
251
763
171
748
337
678
318
8
63
655
261
100
263
280
265
563
627
658
269
241
361
498
332
96
275
480
277
79
340
94
58
112
179
106
663
566
50
176
659
160
47
565
143
759
470
262
722
719
299
410
508
302
93
451
100
697
703
308
643
425
495
304
65
53
315
12
114
39
69
611
321
84
129
45
295
370
109
259
637
151
580
660
333
44
358
232
39
286
780
792
602
635
343
365
79
596
432
450
754
73
9
167
105
61
355
356
212
687
711
788
726
567
381
338
730
118
502
515
552
689
529
230
24
740
482
376
616
146
195
158
78
576
155
518
598
298
586
56
389
31
429
713
185
88
190
714
601
679
94
131
264
34
392
97
121
584
407
37
45
26
411
412
712
755
225
83
336
771
30
342
605
162
134
424
773
724
197
428
83
512
138
132
95
323
122
436
154
367
543
92
211
785
311
768
152
260
360
520
86
116
141
595
179
454
64
63
346
51
276
460
126
462
306
40
175
466
497
11
176
146
1
19
363
673
156
19
163
641
82
421
481
439
288
600
289
486
448
144
208
422
491
725
7
243
292
546
379
777
172
527
501
513
677
537
398
378
42
175
273
408
405
483
21
514
339
613
386
558
625
111
388
548
75
375
387
526
110
255
633
349
18
13
533
185
471
409
215
140
751
329
541
257
413
795
545
194
205
46
735
550
551
178
223
649
555
134
767
572
559
560
467
458
160
5
419
553
774
738
685
213
591
199
573
72
463
382
16
729
153
10
135
582
628
123
585
167
621
538
728
403
665
57
96
614
128
44
597
113
599
623
718
606
24
59
226
150
607
608
200
610
320
201
108
438
33
443
345
364
619
171
325
141
137
238
479
794
581
111
589
630
631
772
764
145
164
97
455
240
639
188
571
577
652
281
374
121
314
16
123
540
274
252
781
654
82
656
104
130
579
283
92
494
142
664
721
461
87
668
371
117
671
115
157
11
282
505
21
170
192
290
681
682
291
554
651
686
727
102
437
426
691
692
249
672
695
30
456
760
797
54
522
776
85
704
203
33
636
708
109
699
118
22
362
210
294
733
29
199
348
720
478
297
662
35
73
416
624
52
231
490
731
732
488
344
193
736
737
324
723
575
615
742
500
744
140
120
747
542
312
384
256
397
124
15
34
590
87
758
415
353
761
457
188
632
765
119
106
154
556
217
357
509
459
698
593
187
105
66
182
310
793
278
148
594
472
272
267
89
66
372
775
54
414
782
173
433
110
798
799
