4003
1
3254
2422
1746
2380
319
2069
2172
3270
3414
425
2427
1602
5130
5632
3086
17
18
3799
2906
1426
4079
4049
5550
2474
1009
1433
2409
3001
1474
2667
217
829
1350
828
1140
4727
4488
3652
40
1420
42
1857
2859
1228
3023
47
2599
3876
5378
2923
2145
2969
1553
3278
5651
2331
3067
1167
912
1734
2643
983
996
2242
66
3261
1407
2833
2452
3015
2953
73
1335
4376
5274
3112
5826
294
4014
472
5625
2485
959
4793
1156
3548
3752
89
1784
1988
551
684
844
5938
934
2635
5236
3643
378
536
5440
2466
104
1360
2053
107
5809
109
2714
111
1161
190
305
621
543
5783
115
119
4454
368
3113
882
3229
716
1691
2025
441
678
1868
4018
3387
4518
988
135
3587
208
3776
3353
1735
141
304
1774
144
5054
3838
147
574
4722
1922
1162
5814
2047
3242
571
5241
1266
3451
159
160
2164
125
3857
2524
165
2894
167
3615
169
1116
2739
2951
4772
174
175
21
577
5311
3525
2751
566
2658
3041
1871
2902
5393
187
4059
1727
2539
3210
3863
284
3846
5820
894
843
1591
1174
4257
852
4507
4889
1487
451
4120
3161
5966
209
1854
3645
1462
3681
958
1274
2918
217
218
5345
1470
640
1643
4346
4593
225
4395
1944
2476
3711
902
4867
3460
233
71
1248
236
2990
3849
202
3814
5724
233
243
1986
5164
246
5329
2829
4807
2383
5120
2961
543
4612
29
2941
2346
1490
2130
2565
150
2473
2777
5986
1999
128
1452
3184
269
739
3801
5817
4241
274
2698
270
2272
103
2920
3045
5079
450
283
2807
2352
5302
5968
288
1065
2802
5314
2365
1731
2493
465
5921
1790
3612
1932
4304
1880
3931
3738
304
4710
1961
4217
4706
3164
2725
5482
37
313
314
697
3561
663
3169
2838
1411
1066
4899
3185
3658
1481
4835
1273
1089
3579
3616
331
4092
1939
1690
1238
2010
2528
3201
1207
1016
529
429
3410
910
345
1246
347
2044
1439
2660
2371
4755
322
1394
3603
2419
357
336
480
495
1531
2406
363
364
3804
2606
3499
5593
50
2681
3684
372
1736
755
3829
4937
1361
3659
1070
563
1772
382
5401
384
754
5893
1236
5770
2914
4070
5905
2312
2581
5575
1793
2034
2077
2353
399
3688
1227
4452
550
3501
54
220
5201
408
4539
1048
4074
484
3648
3738
349
2950
2014
5631
156
3190
2775
4678
2525
2644
4935
1331
1331
2432
429
3950
2345
432
613
5116
679
1751
3799
5658
439
162
2198
437
1949
1256
445
3127
1139
448
449
282
271
452
1459
617
330
5732
2167
2320
2648
460
2911
462
1213
3174
1850
3623
2184
328
2904
3120
1572
4788
4801
1079
475
3806
1932
3366
3023
3667
2624
561
2619
524
485
3402
1124
5147
1701
4747
491
5364
1145
805
9
496
2547
2618
499
500
3627
502
4606
986
1388
2704
3639
2152
534
4
3984
253
2094
4197
2191
3253
3821
3528
2375
5417
2243
796
2542
2512
1354
1938
1607
1867
833
1962
5702
34
533
4272
4584
4464
1639
5545
1447
4374
2465
542
1090
2538
2953
3951
2850
548
3573
142
1237
1752
33
413
2896
1572
2112
592
1614
555
2398
1571
539
3049
565
4968
3464
3713
569
5675
155
2725
1755
3585
575
3960
61
323
219
2584
1340
4450
531
3106
1290
2693
2666
3888
589
5701
2644
2436
4495
2118
3901
596
597
378
5038
4207
1793
2776
1299
2241
825
1806
1154
608
453
3126
611
3485
2738
614
615
1186
2818
618
4016
620
3809
622
229
3257
1783
421
285
3295
4153
1682
489
1788
3316
4873
5799
5967
978
3205
639
5136
4361
1367
1647
2651
1347
3863
647
648
2634
650
3754
891
653
1137
1386
656
2454
633
5518
5080
3796
753
3151
664
1115
2022
667
1799
241
670
2123
4653
3498
674
764
2659
1661
2794
6
3748
681
3706
2185
4764
1646
3192
1511
2999
3966
4551
3613
2529
693
694
1567
3309
1659
5794
699
3262
4588
4882
1900
5090
720
3601
2653
708
2868
2106
2245
5279
713
2656
3266
1609
2307
4032
719
4973
721
4556
2772
1718
1158
3050
3151
1425
1935
3873
1261
1260
3771
1190
2007
2374
999
2319
739
2325
335
512
1037
2846
4251
110
3935
4898
3949
804
4987
752
4525
736
3334
3413
2942
1156
1705
4773
761
2710
3013
709
3234
766
767
1641
1917
3564
2387
3212
130
1734
1616
3225
777
5386
4913
780
3405
1565
2640
784
3750
436
1095
464
4761
2347
3066
194
4513
36
953
1872
3637
798
3325
4162
1015
3769
522
2972
0
396
630
808
4189
2676
515
812
2276
4945
3267
816
467
4260
759
1700
3507
1958
279
3308
2968
3376
827
95
1436
3256
831
1677
1600
5973
3328
4622
833
1292
1226
2015
4720
591
11
2910
3620
3462
5503
848
1534
1408
851
976
2146
1327
2895
2820
4608
4437
619
860
2855
2133
3935
864
865
1387
2412
9
3675
3543
4994
872
399
4253
5475
3577
3891
3122
3681
1216
2890
2876
2207
3458
2517
1098
887
3418
4983
4737
1639
471
1477
1245
3812
3657
3478
3603
2326
457
235
5831
3006
904
3980
3988
4908
2164
5629
2679
911
2225
3568
451
5007
462
3552
2224
46
920
1998
3417
352
5370
19
119
2345
5837
929
3462
4751
3279
1813
4313
3689
5804
1010
3952
5841
2095
1177
2211
2032
3173
1045
620
947
948
2574
979
2757
5244
5850
998
5223
4424
5847
2974
782
3104
839
3421
1073
964
3571
1893
5863
968
1960
342
5165
134
1686
974
2138
1402
977
5696
3777
5523
4150
1830
744
2846
3749
832
1745
904
2607
5422
776
992
3554
994
3233
64
5300
5498
1745
3216
2625
1002
609
3663
1005
2831
5669
1672
3856
1727
1072
1910
3020
3595
2261
3177
3063
1018
1547
2688
1481
1022
815
103
4027
1211
5812
3002
2251
2881
1031
1496
380
2583
1242
884
2986
28
1125
3124
381
1984
2068
1044
4148
5246
3201
1048
90
3456
468
5707
3892
2129
2297
65
1067
1931
2291
527
1061
1062
1063
1883
1609
1066
1577
1723
2124
5218
1071
77
1500
274
81
1076
5916
5982
3182
377
5398
1837
1395
1084
5596
300
3562
4542
3860
2266
252
3793
1471
3544
3332
223
3021
5105
2983
308
145
1276
701
2335
3400
608
295
1108
1278
5533
2830
139
1663
1714
2361
2216
4952
3069
1119
2274
3416
2827
510
5428
1125
1126
4815
1755
5709
1200
3839
1322
1133
389
2569
2310
1239
5148
3057
1495
1112
5725
2445
2507
3999
3757
361
1148
2529
1109
1151
2839
1153
1677
2064
2798
5994
1516
1859
2006
618
3368
4377
2332
1437
1256
5640
248
3716
3289
2366
254
506
3223
1644
3789
1177
3461
210
683
86
2963
547
3162
2554
1268
3884
3788
2885
734
2470
2155
4118
3852
5289
3252
4085
5611
178
478
2780
1202
5215
2122
1121
69
4808
2303
3064
3420
2848
3959
1782
1214
216
1776
1719
468
4568
4949
2083
3963
2211
1385
1319
2700
2790
2621
1229
2694
3062
2372
741
100
5015
900
2859
3105
2657
666
2526
884
410
957
5008
4146
1247
3500
1249
1979
1940
1252
1253
5362
1280
4929
1257
4055
4291
2292
285
595
1584
3260
1855
3134
1564
5759
1691
2564
3974
3107
1273
1981
1068
999
1277
17
1919
3619
1472
1282
2430
276
3163
4068
1287
4547
1404
612
3096
3272
2027
5333
8
1215
2712
2709
5516
1300
1343
1539
1303
4705
5395
218
2754
5829
1069
1374
2708
1312
1313
3868
2369
1316
3998
1234
1319
2822
4335
1054
315
2695
1325
1574
1327
1390
5140
1330
3709
3136
2428
442
2991
1336
107
2743
885
1373
3325
1342
1575
3593
2021
4360
3300
4779
1092
376
343
1797
687
4261
4083
3853
57
5418
5920
2711
1602
4995
987
3479
3705
221
2080
13
5298
4236
1206
484
5383
130
1224
912
3631
3183
2359
2761
151
5085
1383
1384
937
59
4048
3621
1389
2724
1391
3782
1393
2494
2213
3349
3745
845
4256
1400
3081
3329
5668
981
5131
2042
1597
5941
2640
1533
1847
578
1413
5582
1861
1243
724
3822
3768
1420
1486
2882
1695
1424
5946
2973
1427
1259
5983
3514
3900
3967
2556
1398
3301
256
26
5706
5657
149
3473
2269
41
461
3070
1118
2867
2913
4846
1489
2981
3867
3783
3682
1455
1847
1457
3899
3563
2889
498
1770
1671
5871
2681
5427
1427
1937
2790
2092
1471
5416
3404
1214
2300
1476
207
2447
4753
1480
726
337
4369
2816
1759
2707
1432
1524
1489
1490
3204
1916
2052
1388
1140
1529
3827
1648
1499
3232
5001
47
1374
1027
28
1566
2437
2663
2533
1765
1511
1067
5590
1514
2111
3043
4634
2035
3572
1889
4075
3127
583
3112
3378
1526
4900
352
3883
3418
1050
626
1668
1313
1535
3617
181
1099
3495
3969
407
1542
387
4977
2066
1632
2450
3422
5642
5443
3803
2947
542
1554
3373
4259
5138
497
2156
4641
1416
1729
214
700
1565
4750
284
1504
3427
2475
1510
2559
5522
2486
801
1798
213
1353
1579
1907
4982
2231
1583
3788
1956
2391
2702
5359
2154
1187
3481
4614
2226
969
1595
1596
1407
4872
4920
4763
2745
4142
577
2173
5846
1368
98
1943
3837
1610
1980
1082
5984
5568
1615
3298
3086
4292
4958
444
3329
67
1995
1624
2603
1222
4479
650
3864
2715
5990
2557
3517
5180
865
5368
764
2343
1108
1813
1277
2204
3004
2693
5146
3434
1647
2133
1649
312
3308
2951
5066
5491
282
1497
5407
1658
2868
3699
1661
4745
5439
1306
3586
1666
4818
5160
1669
1921
599
5003
2543
785
10
5010
326
35
1679
2750
3956
198
5664
1421
3989
2974
4412
862
5240
3590
2039
4790
1145
2983
5576
5865
788
3111
1699
820
153
850
112
4502
1705
1706
686
5463
945
2066
2108
1712
1713
3292
5496
1891
1449
382
925
1381
803
2934
5155
2444
4918
1027
3038
520
5899
566
1818
1732
796
61
4766
2167
3493
2440
182
2632
1741
1598
4651
3663
5597
4054
1181
2713
1831
189
692
2837
2400
669
5228
2222
3275
1758
5535
4797
2540
2301
607
3306
1516
975
3844
2116
3797
3834
1771
3522
85
2664
2767
868
1824
3560
1443
5000
296
1213
4115
5268
232
2799
1518
838
1485
3487
2110
1792
4329
1794
2751
3145
3476
2907
1382
1800
538
3317
2153
3158
1805
3165
4364
693
3526
2928
901
1812
1121
3399
2809
2662
1577
3843
874
5661
982
433
1100
3275
5836
2122
1827
4730
4359
2108
1437
1553
127
356
4297
3866
3774
5882
1199
2395
1841
2639
1843
1844
2358
1846
4156
1424
1849
1442
1851
432
1100
4718
1354
5357
1144
1486
1159
1860
1114
355
456
660
3806
1531
1299
1378
901
1966
751
5757
1873
1874
4114
1876
2614
942
1302
3741
5617
2420
1064
3898
2922
1886
2653
1888
4794
475
1998
2095
5729
305
2262
2639
1897
3450
5137
5579
2013
1221
1841
1904
96
3312
1502
1334
154
935
634
894
2298
2275
5402
3755
2424
715
381
947
3215
4417
2418
1924
923
277
2843
5746
1929
584
2774
3471
1564
5874
819
3364
2172
701
333
2506
419
1942
427
2207
2600
721
3226
303
5660
954
983
4458
1953
1954
3365
3752
2004
1714
5784
1777
1613
4845
3425
5367
1268
1567
1967
1968
1969
859
3022
4220
4487
4490
532
3575
2908
1978
670
3366
3465
1366
3160
5063
768
3449
786
392
1890
1990
1184
3925
1326
3359
1514
2107
5117
114
4693
2870
171
1785
229
3439
1421
1130
4381
4850
194
2259
2011
3623
5301
2219
2015
4168
1493
2018
2233
256
2648
996
1509
2024
3990
411
1834
2528
5534
690
1101
418
1504
2945
4126
5647
1687
3790
827
891
153
1545
5501
3515
2930
635
2121
2048
2049
2023
4401
2052
642
785
1784
1201
846
2040
2178
2060
2313
173
2165
2697
1548
181
1654
2068
742
3448
2964
3923
1368
387
2075
3697
183
3922
825
3803
4638
4133
4152
2478
2824
4316
422
5126
657
6
3721
2378
3751
2094
1925
2096
907
4127
168
2100
4528
1865
1863
2104
2601
5068
1211
3344
2339
1895
743
3717
3609
1419
2115
4144
5157
4069
324
2188
2121
1641
2123
4841
2125
1192
1444
5649
255
2205
2131
1922
3736
4713
3812
5554
1902
2455
2139
4668
2141
2538
2357
3161
176
2984
2231
5429
409
5546
2197
4105
3469
1852
5192
2278
3010
2063
1927
5541
957
3424
191
2388
5900
2166
3212
2168
2514
3753
815
3121
4157
1468
1690
2915
513
4496
2674
565
456
2038
2183
3411
2400
2186
945
1337
3142
2190
4478
2577
2433
1576
3742
5430
2197
1556
3228
3934
4339
2467
4676
2204
2740
5864
3731
2776
3768
366
2288
53
1329
3610
1330
4791
2970
707
3269
2991
1031
5730
212
188
2225
1965
679
3248
1811
1944
1478
1892
3188
2471
1091
3304
2217
5415
1996
2240
4447
2457
3503
2701
546
2313
3672
2248
1157
3079
1402
3792
3119
4182
2255
991
4783
886
2259
3576
2688
3851
1032
2264
5987
24
3729
1226
3145
2124
1826
297
331
3314
2534
3747
491
3310
2831
2280
3284
3718
2283
607
2285
2699
1369
784
5525
2906
2291
2292
2293
1339
3446
2384
2677
2641
1869
637
2301
2302
761
2304
536
488
4060
2374
1404
716
2193
70
3853
3143
391
1905
3775
2318
74
3730
3195
2051
564
68
740
1868
3696
1346
2329
4208
3997
1722
3875
1710
1104
3495
1151
5885
2103
1656
1879
4607
5206
2344
4245
2033
4942
2348
2271
2985
526
351
1473
406
5256
3080
1870
2358
3153
324
5052
715
645
5641
3250
2366
3767
2368
916
3335
3114
1232
663
78
3916
3090
603
2886
2379
3346
3748
2382
3732
1726
2741
4847
266
914
2389
4009
5595
1258
572
4411
2707
1301
4834
4254
4501
572
2401
2425
1795
2453
2405
4540
3544
5242
2451
3987
2411
1786
2413
4306
2279
2844
3996
5974
4806
4011
684
2380
1163
95
2065
1239
2427
493
417
3779
3547
4129
2000
2823
811
878
598
2020
5970
2333
2441
3682
2443
570
862
1052
5977
2181
4589
2450
4623
2235
3424
1724
3355
1728
1926
3870
2899
2460
3318
1097
1456
2986
3014
4405
528
2468
1738
3604
1470
2472
5734
4853
2475
3974
3838
2478
3647
1605
2568
3383
5334
2779
5844
182
2512
5304
310
487
2489
4309
3171
92
2675
2496
691
3897
3512
1666
231
5214
426
3612
2092
228
1804
4981
1798
2549
1951
327
2428
1189
2703
2516
4932
2638
2519
446
4849
2202
2343
4175
811
1983
2084
2028
804
3986
2531
2284
2834
5293
2535
3952
3364
5113
366
1485
343
425
1475
1379
3651
672
2797
2072
1448
5341
4284
3583
261
5375
3773
1432
2557
5187
2097
341
2561
2562
3595
12
2565
2566
1168
1696
3356
2570
2368
3513
2388
2296
1559
5933
1729
2967
1901
3790
3471
5389
1034
1094
2585
1056
2587
2588
863
3242
1586
5816
3697
1864
2031
2596
306
142
2059
264
2410
1306
395
485
4630
1456
1075
5235
2609
2610
677
114
2324
4111
2520
2730
1261
102
237
2703
3296
1637
171
330
140
1704
769
3053
2629
1122
5089
2632
2633
1391
1814
340
2869
1850
658
1748
3921
1619
537
2062
3654
553
2647
3370
1310
5583
1080
4825
1385
1899
2655
1468
2518
3591
2110
2578
938
2662
2375
1859
2158
3454
31
2668
4697
1543
3352
2672
2319
2125
4046
4992
1042
3828
623
1205
560
307
3660
3473
3917
2362
5346
3955
467
5917
4233
3692
1931
1136
3323
3168
1136
2299
3674
3371
2701
1840
5249
3529
3008
2706
1958
5258
3698
2473
5777
1810
1076
2545
2715
326
737
2687
2139
2720
970
3967
3573
4933
5821
123
3287
735
1126
5650
2731
571
2376
3331
3040
2971
2724
5674
4744
4276
5387
5787
4611
2744
2265
3931
2747
756
2749
4936
2461
2218
2753
4876
5867
1898
5469
3886
4180
1439
2771
4795
3760
2764
2765
5549
2184
4247
2769
1681
2156
1644
275
4026
1743
3404
3076
5083
2655
1193
2280
3535
4819
2784
213
2573
3596
35
2158
2717
5506
5477
2793
1566
3498
4410
2218
4280
31
2562
2250
2559
3779
2804
1519
508
3451
2808
5323
3633
2396
2812
2813
5795
4738
1802
400
1178
2954
1649
2821
2822
1710
4515
847
704
3962
2482
5511
2604
1621
2182
520
5778
2835
4091
2676
3375
2839
731
2098
2842
2150
2578
136
631
3792
1362
3542
2850
3714
2852
1767
2854
3430
3475
1021
4679
4227
2860
2861
5067
2863
2917
2294
2866
5811
3532
5343
1761
3791
2872
2689
2498
1966
882
259
651
1238
2880
790
5366
4483
296
4865
2102
2887
93
2767
2886
2750
3567
5861
3280
2740
3436
1393
3408
4823
128
5959
3415
3810
3925
1811
4931
3841
4923
5508
5830
5898
5313
2913
3773
5056
3937
1346
4746
2192
2810
2921
2261
4338
3406
222
2926
2129
3221
395
1255
2931
2889
5226
4534
1117
1818
2102
2959
4613
185
2871
4858
2943
2944
5221
2946
2777
3649
3619
2361
2248
2952
1155
1107
1946
1980
2957
1318
2797
105
5645
2276
2963
3947
172
3280
404
990
616
3227
2572
3029
5606
958
34
5355
3181
4326
834
3850
2981
2684
918
477
3187
3607
2960
2517
1667
749
5822
2992
2993
5014
2995
2244
1491
3710
1869
3000
2153
4024
5414
1614
3374
1747
3007
2415
1451
2267
3011
54
5373
4268
3415
4904
2246
3469
1561
1310
121
1187
1498
1046
1601
4951
1544
783
3029
2415
3357
3712
2494
3909
5039
661
1152
1853
3711
849
1068
5731
5213
1410
5571
2865
5021
3048
1484
2774
346
3052
3359
1414
3438
660
5818
2838
4855
3060
1598
896
2469
5447
3065
4721
2811
1011
1348
4255
685
129
5288
923
5591
2353
3412
521
2619
1770
4875
51
1915
1787
3933
3024
1576
394
2029
3090
5529
3092
1780
3221
208
1560
3097
4740
5382
3100
2
3746
2661
4264
718
3261
5601
927
5143
195
1913
3117
3472
2705
4072
1732
531
2726
3941
428
3336
476
643
4752
5666
1590
3961
3128
818
253
1123
3714
3997
2569
94
2938
1594
3874
748
3361
3092
3142
4434
1812
708
3361
3147
120
1496
3757
892
3152
1308
3101
2230
2162
3157
4425
2884
4829
268
3162
1989
3387
2421
3871
672
2541
1721
3170
1047
3304
2905
3780
3263
890
3865
3178
3179
3180
5992
1628
4492
268
3137
3103
3625
1825
973
2489
4922
924
3834
290
3111
1753
1384
5072
3848
3200
185
5129
738
2477
5906
3206
3207
1143
654
3210
2728
4536
3255
3214
4029
738
1409
1694
2869
3643
941
3222
2791
559
759
3670
1606
58
1264
3230
3095
5719
25
2330
2005
1593
3237
3574
3239
2176
4332
2590
3448
4759
2163
5043
4336
3248
170
711
5149
831
1326
4388
3423
271
1862
696
1386
2973
2897
3875
1173
2439
3265
2350
1204
1825
544
3270
985
1423
3417
3274
939
651
2615
2064
3279
3704
2265
68
3283
3397
3285
3760
7
4881
2076
1461
3291
5069
2613
689
788
596
3297
1875
3685
4471
4864
798
3303
720
4555
3306
1251
238
3309
809
3963
2242
4827
3762
3374
3254
3208
2901
669
160
3321
2841
2695
420
5876
989
176
1056
1195
3604
3970
3203
3187
4703
2213
3401
3337
3338
2378
5470
3262
5109
3343
5552
367
1866
190
1334
1549
909
1839
3352
1269
3354
4521
1527
3031
3407
2844
5524
967
3362
5017
2152
288
2605
3037
3288
2564
48
1333
2305
2215
3588
4625
3367
3377
3496
1345
1523
649
914
3290
3384
1003
982
4023
682
1441
1431
1383
3634
1429
245
2630
3396
1819
3398
3555
643
961
893
3937
705
1554
1409
5005
2768
3409
3410
3411
3479
769
5071
4957
514
385
3719
4172
1875
120
3630
4132
1606
3385
3426
3427
3656
3894
2553
5369
1026
2059
3598
3386
193
3437
893
3439
3440
3382
4025
5761
1950
722
2009
2459
443
1626
3051
748
3452
3954
876
4192
5993
3457
3884
3671
5963
1257
5061
1774
3373
5269
3466
2445
1848
1668
1675
2787
2086
1118
2160
5490
3211
3890
2477
3669
3794
1051
447
1079
2330
3965
3486
1194
3507
2223
1339
3491
493
2084
19
5449
108
1378
3690
2704
2604
2541
3264
1537
1452
4349
3506
3666
1803
3509
2143
1952
1957
3513
3514
3324
2938
4455
2691
673
1899
3521
3816
911
3524
401
1809
1469
3447
2285
4283
870
4844
3818
2355
2782
3536
5538
1750
281
3807
3541
239
5377
3117
1743
2992
5162
1542
3965
5292
3551
3552
3847
3554
898
4531
5971
3774
1200
897
316
5347
1323
2317
2103
5598
1425
1942
3422
1523
2310
3312
2723
539
3398
1735
255
3037
3175
2598
3581
3582
76
1940
1244
2464
1314
3588
3589
3175
2902
3592
3856
2398
2563
1574
3597
1183
3599
746
4909
3602
2828
1191
3605
905
3036
4138
3307
2004
1551
641
3534
264
909
118
5798
1001
2808
845
2065
4421
2041
1002
2286
3740
99
1358
157
534
3447
4107
5459
4232
2900
3811
3813
1010
1589
2462
3206
3281
3155
1971
3815
2149
4953
434
2911
3523
593
3606
1013
2311
3655
5786
175
1483
5275
1487
3661
2099
844
2492
1401
1234
5560
551
193
1790
593
2247
3673
1988
3671
3131
793
480
1708
3680
2805
1075
3474
3733
3694
5033
5979
931
3610
673
2647
1613
2555
3470
1696
1920
1109
1279
105
549
2680
3702
3975
3483
2187
3543
5099
2222
1562
287
234
3485
3376
5204
272
3155
146
2594
3719
1212
3721
245
1653
3154
3171
3726
2924
1351
3729
1804
1422
5873
2193
3734
307
5391
5802
4640
201
2988
1524
2995
481
3690
2828
2840
3953
2561
3039
564
5419
362
3575
3754
4063
334
5781
2196
3118
553
955
166
1045
265
3956
1671
5110
5284
600
2820
3649
2192
2806
562
3109
2975
2887
1304
5880
678
1930
275
1328
1640
3785
1561
3108
1244
111
1070
3791
3559
3041
5736
516
1786
1344
971
3463
3800
1530
4729
1680
3804
4382
4567
3147
2267
60
841
3811
2617
108
2236
4296
1775
4597
4294
301
3594
3614
110
971
1764
3855
2980
4586
4863
5618
3340
2341
292
3833
3461
5363
2490
3734
1769
3294
774
1102
1176
2497
2722
913
1366
1824
3743
5074
1646
3014
510
3253
136
2623
5695
2987
3858
3859
5612
4372
1505
1219
4445
3239
60
1237
1197
1675
309
2567
2674
4475
3874
3831
3756
1960
1023
782
838
5775
5248
5139
2847
3064
2502
3887
588
3532
469
526
2254
3245
3109
3137
5353
1162
3794
2620
1905
1954
634
4351
3103
2085
2975
3357
3562
4707
5687
3503
2377
3913
3852
3915
5543
645
3918
421
873
3978
1822
3923
2609
1445
3926
1756
53
4211
2032
2333
959
3085
2742
1080
4224
712
2998
2286
79
3577
431
671
5092
3001
3538
5053
3948
3778
3551
3723
3370
3982
518
1204
850
3466
2843
3959
3960
5011
1783
3311
3964
1987
5886
2458
3968
3395
3970
2880
3553
2073
1294
4456
4768
4375
2746
415
2910
730
2502
1138
3558
1927
3453
97
855
2723
3739
1083
3992
4135
302
262
3996
972
3217
3999
0
3798
3319
3662
4007
2272
240
4743
106
5883
10
2903
926
874
3488
1209
2309
4760
3025
3494
2555
15
22
2209
1315
665
3260
587
5860
292
486
3004
5412
5144
3944
5750
3051
2082
1607
1624
4757
247
3302
43
4214
1039
680
1588
1633
1360
369
3836
52
3032
705
997
56
823
5942
3979
2533
1120
2803
158
5530
3991
681
1842
257
805
1807
2476
1363
1259
2159
75
2597
502
1127
4399
2433
81
4887
2012
2956
3449
5041
5309
799
89
3570
2841
1874
27
270
186
861
5
5337
99
3244
3199
2903
392
1258
2294
4419
2508
2543
2933
4560
4367
156
311
644
3973
116
5036
2426
4583
4523
2189
122
2439
1028
125
3593
1687
2786
3480
2384
286
259
1612
3896
856
2719
895
2271
2942
318
2500
3310
5937
1072
848
281
2798
3525
1440
150
666
5610
466
603
1956
4300
4543
704
773
1724
3183
2391
3442
470
165
4769
2633
3556
2274
1529
2924
5792
3955
1997
3504
1224
921
4780
1333
180
4402
1739
3786
3173
3961
1352
2147
3148
4095
960
2526
3881
906
1672
3951
196
1799
127
2770
2848
97
2336
4553
3866
1488
3407
207
1500
321
1179
628
1320
3789
1575
376
5029
32
3233
2112
1909
2195
1309
5172
4400
908
4050
581
4442
2919
1993
3030
3050
4387
3549
1405
5565
5969
202
239
391
3889
965
1135
1864
3726
690
3059
422
1920
1189
2586
3611
2370
2199
1104
4946
1715
424
2582
4562
260
262
1662
4204
2251
1220
939
5929
1012
1458
1698
5413
3563
522
3340
4000
2270
1129
279
3271
610
344
4674
5076
2205
286
3883
4470
3294
4123
291
1747
5394
294
5728
3134
515
1337
299
2447
5489
3075
3676
580
2710
4431
1680
2017
309
310
1688
587
1228
1588
3756
316
2976
1887
512
1440
397
3003
1397
1175
443
3154
3891
4811
597
4617
4298
5104
445
3271
2027
1111
337
338
339
789
1263
632
3531
5290
2576
346
5578
5019
2173
350
2520
1520
353
4216
3219
424
2627
1247
2165
3185
4671
2628
3988
364
365
2360
1902
1169
4094
2459
4885
1272
5316
3052
1040
2523
341
3958
5153
3126
688
2864
2070
1396
385
3640
2074
348
389
4724
3097
2257
393
514
1508
396
397
2789
1138
400
4393
402
4045
2930
44
406
1650
3315
409
4290
2977
412
554
1580
55
2697
3132
2743
419
3601
3432
778
423
1062
729
3071
3736
283
2117
3101
1400
489
2536
3252
435
2408
4178
3641
2474
863
4353
1800
3125
1972
5840
4926
4714
3177
449
594
2522
2819
2273
2262
5765
4522
3394
1541
4616
1014
3406
1521
463
464
4430
3590
817
3291
3226
470
1742
2090
1805
1343
3615
476
5102
2126
2386
2690
4444
482
5976
431
2143
1017
3897
2815
2545
5045
1165
5960
3048
2253
2245
3315
497
4198
637
5635
501
2514
503
3683
505
5188
507
5739
2107
5509
4191
2893
513
3088
706
4943
4579
2718
290
3626
161
3599
1977
2057
1270
83
3560
3345
557
2626
1442
3384
3814
2174
2448
101
537
4980
162
1955
541
3358
3859
3608
2795
4318
187
1608
3934
2962
2982
2510
627
554
2311
2550
1513
1925
3691
371
5409
1380
563
1660
1603
1839
5168
5307
280
101
1169
4803
5233
1185
3817
2837
236
3222
1
580
541
1210
135
2845
261
5356
4711
1707
4639
2335
4317
1797
1249
594
2046
3017
329
1525
599
458
1484
5889
3042
786
1569
1535
5295
1305
1963
3912
215
612
1255
3849
3010
4569
49
2817
2497
2024
4610
5738
623
624
625
4533
627
1871
5793
2288
653
3293
1106
4484
2925
4559
1780
638
3868
640
5336
3338
3123
2425
3015
646
1096
890
3381
2636
3276
2638
558
654
3864
656
657
312
1280
4944
3441
2898
1964
664
665
1113
2960
3321
2491
234
320
628
875
3640
1272
676
2745
3322
728
3497
2605
2518
2403
87
2698
3217
4299
2098
3098
2481
5472
2967
1916
2463
3093
3761
145
2327
699
519
124
1165
1733
1074
4852
4644
1370
2630
5553
3149
2496
3489
1454
1182
1716
3687
3731
2018
2342
1160
3034
2290
1007
132
725
1885
458
728
55
3365
1760
4762
1159
734
2208
1877
1716
1311
276
4112
2939
4509
1297
1562
745
1795
3181
2858
1973
869
5152
1464
5026
252
2470
1161
3703
1275
4122
760
2246
2849
4205
232
2171
486
2939
979
4661
3107
3555
2178
3489
774
4524
2327
777
2175
5683
1717
823
1757
783
1431
5237
3622
787
1220
1618
448
791
792
195
794
3450
932
501
779
1571
2264
4654
1764
3169
1415
2729
806
2591
2989
3218
810
3916
4021
3490
3696
273
1877
2616
4998
2716
2498
3482
1015
5791
3865
4391
2058
3209
3078
922
830
2176
3658
75
5403
1132
1003
2337
4557
1948
840
4469
345
4504
3828
2452
3375
1631
866
4621
4113
851
3545
317
4098
1320
1917
3484
858
1970
797
4489
151
700
864
5145
3467
867
2318
1707
1351
4563
2689
4354
4592
2160
2053
2677
878
2581
880
1741
813
2322
5133
885
495
588
888
2250
2866
5507
2735
4378
2595
4529
1725
897
4813
2254
2263
1829
1093
812
3698
905
906
4082
106
1131
1203
585
4723
2373
57
3665
3872
2303
3073
919
3710
177
2257
5751
1934
420
926
927
2316
929
930
872
932
933
78
3269
2135
2699
446
1288
3300
3984
2670
943
3712
1219
946
1838
3772
4031
1548
3146
4295
953
824
4960
956
2161
3730
82
960
2508
5286
963
2293
965
3569
1563
2735
1172
3247
4626
972
2283
3388
975
4771
4548
4386
2771
4691
2048
4565
5335
984
2547
1678
1725
2410
2407
4441
4800
3905
1446
1381
398
5177
2990
998
3662
112
847
762
813
2464
1005
1836
1007
1008
2503
2461
5815
2727
525
2033
3258
250
2641
1018
299
3749
1021
822
2773
3510
4022
3511
1464
1028
1029
3822
5349
2263
375
1709
4666
1036
3463
3515
3587
1040
1041
575
803
1044
1251
1757
2273
1604
1512
1050
4333
2011
1053
2252
1845
1403
4186
1058
1059
1827
1061
3328
2853
1992
5125
1964
3781
3793
5749
3476
3403
3505
4188
849
523
1611
3460
3346
3351
3688
821
4830
1083
1084
2690
1086
765
1876
2157
3324
1091
2734
880
3159
1095
647
403
886
508
1603
1662
4305
1103
4330
1105
2716
762
1092
1207
3538
4810
2025
257
2809
5270
942
505
5098
250
1120
2431
5404
5186
1124
2587
1206
2300
530
1129
1130
1188
1896
1133
1134
5958
771
3055
967
1139
1394
3903
1142
303
4869
832
2864
393
3336
1149
881
1568
2966
1911
1154
1587
1589
1157
2759
3895
5914
51
1972
1582
2169
503
1166
836
4974
4418
3045
1147
1282
5881
4572
1703
4620
2354
1908
3783
1180
3209
1721
1918
1991
348
2856
642
3770
936
1190
4056
3737
1642
1194
1195
981
3060
1198
1199
5870
2705
2134
2109
757
4406
2091
4327
2978
2328
633
1417
3720
2597
727
5892
5262
876
1218
1144
266
4423
585
1223
3138
2390
5985
5584
3058
3039
3223
438
1232
675
682
3744
3043
4044
1711
3987
1506
1160
5779
2957
4824
3801
3977
2019
988
2836
1323
573
1926
3031
5931
1581
2183
435
1353
1267
1132
2221
4656
3786
216
2737
3817
4196
1693
1269
755
4282
3642
5437
2198
2170
1102
1623
1473
3268
2952
1020
1172
3455
713
1285
3787
1962
615
2350
1472
4632
14
4879
3431
1295
5691
3540
3693
3901
1300
3608
211
5093
2589
3565
1664
457
1308
329
2295
1503
3268
1208
2329
3758
3541
3487
703
2901
5189
221
3570
3699
2146
1168
3533
2758
1686
5924
4331
426
733
179
4287
2201
1089
2233
1338
3878
1184
4917
1342
1340
3284
1345
631
2949
2282
1205
5088
2629
315
5753
3192
204
4314
4116
2194
5348
2537
377
687
509
1364
1365
3419
1539
5023
3946
1379
5077
3286
2979
3283
1375
1376
69
2269
4219
562
5912
1382
2779
5142
535
1573
2783
3703
3420
3341
5299
1392
2232
2679
1395
43
1397
1398
1170
1210
1640
976
301
350
4591
1697
267
3689
2753
371
1411
1975
2946
1730
4449
4704
3890
370
3981
4700
3668
1651
3985
1049
2595
5132
3854
1428
415
5654
3197
39
1178
3393
5639
2881
2532
1438
442
1556
2317
465
5866
826
473
1526
2228
1448
5466
3088
2509
471
719
2598
466
2463
1457
1878
1081
4358
5002
244
4081
3435
444
1466
3700
3558
204
1164
1203
5690
4171
2524
1915
3501
729
2860
2760
1480
38
1428
4020
4581
3553
900
2683
3236
1215
3220
3388
3533
1493
3715
1112
3945
1618
3808
228
1699
817
1502
1503
25
132
934
2228
4467
780
5100
3831
243
2503
5945
706
5806
1517
5229
3258
4967
1630
246
1692
1106
5943
2700
1475
5012
824
5031
1318
5887
4660
2686
606
1392
2568
3061
2215
4067
5773
2020
5689
695
991
4482
3802
1550
4799
1550
1551
1552
2965
662
1555
1863
2367
3115
291
1600
1143
919
2063
4675
2029
2580
4231
3784
3851
703
2436
835
1831
1760
989
966
3478
2304
2665
2030
1509
3320
1583
778
773
44
1055
1748
5086
763
877
1592
1593
3895
2089
63
1597
3569
3452
3100
1601
507
1517
1604
1605
258
4461
1608
2580
1610
4293
300
1453
2733
170
1772
2870
1020
1619
5897
710
2442
3196
2935
2457
1626
4686
5620
5851
1521
5122
1809
4210
4571
440
2429
3580
1363
1595
3784
4109
3444
3986
856
2763
4758
3888
4321
4240
857
2994
1652
1293
4225
1655
3005
3516
1658
1659
1660
2803
3646
1372
2270
3574
2500
5360
4468
2897
3618
5747
3995
1673
1674
641
4605
2536
1903
2894
2682
5803
990
1683
871
2827
973
3333
1688
1689
1952
2495
3896
1570
1694
4843
5458
1697
3908
1450
1700
33
3606
3512
3795
1248
5396
1297
2389
1034
2484
3869
1712
3205
277
5849
2650
3592
1720
5868
1720
2796
2035
1723
3833
1231
2219
1803
102
1488
3919
1731
3116
2764
3867
2959
3753
3939
4903
2047
2127
1298
5176
2469
1744
2594
1746
3371
5317
583
2009
3246
3110
2669
1754
1325
4941
2854
3780
16
2443
1779
1762
29
199
1006
1766
441
3626
5121
5260
3775
1358
1773
5481
3921
3701
2203
3274
3435
360
1212
1782
2898
5875
790
3796
1842
379
4696
3302
3009
3992
2603
928
2354
2736
5676
4677
5989
3428
1801
368
3860
5252
1870
2940
1937
1417
3936
2324
146
86
5839
2430
1815
3886
964
293
2037
1638
2923
5785
2996
1856
3026
3938
3725
3566
2736
1830
4398
1359
2021
3841
4371
2365
5107
1197
2182
2067
2446
2036
1843
800
611
4684
5150
3468
2877
3727
632
806
3728
1110
4409
511
280
1858
2026
5315
4798
2241
2434
12
625
317
56
1267
3941
3899
3178
2212
2007
1371
629
5179
4804
2948
2195
4688
1881
915
3208
3326
1848
3426
4535
203
1520
1508
5474
1250
2506
2194
1895
3165
4698
4925
227
4566
3077
2137
2003
1904
2484
1906
5852
3904
3392
1910
2575
1912
1913
3995
758
79
2882
1918
2558
5955
1921
589
1585
2399
5230
2599
1997
5772
3289
3535
1479
4181
532
5075
1591
1749
2174
3907
1939
3193
834
1460
4164
655
1945
3650
434
1948
794
1950
3835
2175
4599
5485
4137
573
689
1081
781
440
2949
5194
2341
1141
1965
2221
5717
84
2418
5064
776
5733
1973
1974
1844
1976
1977
671
3408
1008
404
5910
2008
1479
1985
2382
2016
3919
3947
722
1086
1992
251
741
2521
568
3320
3767
265
2191
3362
1982
1344
5752
5478
4902
1873
85
115
412
2933
1947
3733
2346
3350
3394
48
5542
952
3678
5710
772
4389
129
3882
2658
4035
2028
3089
3830
2965
1332
1011
5183
613
238
1645
1829
2516
2414
2041
1336
2043
549
2045
1222
3072
2082
1186
1217
1534
5769
2757
23
3157
1941
2057
3980
242
2060
3518
3636
5718
1933
529
3089
3614
1043
2893
383
295
3068
63
5762
1435
2076
3824
3068
2079
2080
1418
4420
5667
5123
3905
1367
2087
3027
821
3821
3983
2832
2093
1418
4782
1823
2097
2412
1182
5760
2101
2590
5022
3924
3131
4972
1628
2232
3823
1426
1098
2762
1192
2114
676
3684
2746
5456
2576
2120
2397
1558
2332
4324
2050
5782
723
540
5692
1527
5484
2132
5245
3887
2829
2136
3677
1766
5796
3635
5854
3094
4499
3311
2188
1682
2419
5801
4130
2675
2151
461
2362
1317
3862
2738
1155
3889
5087
3938
5060
1492
801
3259
5754
2758
2284
2727
2200
1275
4010
772
1412
1684
3545
3240
2260
423
342
267
535
1087
2663
4877
3136
1171
4860
5824
4249
3348
2795
5009
314
2140
3344
2159
1957
126
2199
2200
3335
2109
3854
1836
363
3323
883
104
3011
3378
5358
3840
1447
3816
1506
4392
1498
3910
319
2220
659
4030
1549
4015
2754
3653
2227
3611
2229
697
5504
3637
3966
2234
1335
4160
609
550
2239
5058
1862
3820
168
2244
3219
2229
2247
5628
2249
2230
4861
570
2253
2583
5700
4532
1158
3343
3973
1467
1838
5243
3405
1458
5266
3629
1990
527
586
5646
2349
917
3333
3334
2275
3197
373
1670
2279
2099
167
2282
717
2421
3529
3204
2487
1967
881
2645
2408
3024
3176
2054
1147
2296
3163
2325
3537
1047
4754
2302
3914
2479
1253
1167
2527
5211
4814
3019
2680
4537
1052
5338
289
2900
2364
5197
2401
4184
2321
2322
2323
2402
4930
4279
1183
3819
5544
3582
1762
1978
2323
3650
4578
2376
1629
1718
80
27
1390
1217
2078
2344
5151
1134
3819
200
5539
2552
2351
3876
1370
2785
2355
3910
680
4051
3550
1911
269
5515
4202
2364
3339
5699
478
5891
1622
2067
887
5059
5758
956
4663
2336
5004
1709
4486
952
3646
808
1961
4874
5055
1117
2579
2008
1796
2390
5573
5767
1201
1009
1315
1230
3644
1412
191
4383
2510
3520
1454
2404
2405
1882
5510
3826
5810
3251
726
3293
2413
1149
2791
2050
2441
1702
2928
3273
2455
5424
2423
2513
4221
2731
1953
2513
2560
2481
3298
1650
1522
702
388
1474
3488
2438
87
2440
2417
2442
2931
2444
799
1652
2074
2177
5006
3277
1807
70
2386
3549
966
1878
2637
410
3401
3202
3624
5704
3188
4527
88
1497
2202
2468
5908
5988
2234
980
2297
2278
1693
595
546
2527
2479
1519
518
2482
3428
5713
5479
5224
619
3678
4497
2151
3894
2650
2493
3846
3567
3332
3453
473
260
3285
2501
1816
333
3583
4594
5599
4784
4154
2739
3983
4598
5655
2220
899
2515
3845
2802
592
3776
2878
1837
859
4062
5711
3900
5264
2075
870
2206
5828
2531
3326
3666
2305
2535
2154
1664
3777
2078
2540
2718
523
3468
1365
354
1499
5175
2114
2070
3638
5859
2572
2553
2083
2359
131
4712
131
4618
547
652
3033
24
1289
1019
2566
5616
4125
1851
2570
1855
2971
3620
3179
4658
5603
1887
3945
1518
4319
235
2582
4689
2483
492
3932
5328
2588
5950
2600
5379
4243
5716
3434
3480
2612
3330
1093
1216
2499
1038
2602
4868
2614
5198
582
2001
3172
2104
1581
3521
439
5697
816
3106
2616
1006
2618
2671
2620
638
4809
2623
2189
1817
226
898
3628
2836
4776
1596
2381
407
3932
3677
394
5294
1537
3256
2874
249
133
954
453
2357
3423
5843
1833
1625
924
2651
3835
629
2654
2424
714
2721
5442
2505
2660
402
1014
4071
2360
3035
1740
2667
1356
3920
4854
524
5374
3203
1284
2495
1350
5461
2678
2755
724
3630
2682
2770
5614
3584
751
2687
2664
760
2635
483
2692
21
1279
1532
4577
1188
5046
2030
694
2852
254
2814
2862
3098
4832
3067
2813
157
45
143
2237
3879
544
987
2678
3139
2769
2574
4248
2422
3670
1685
122
1584
1835
5763
2552
2132
2730
5190
454
3594
2734
4426
2038
4448
3518
3356
2093
2385
871
459
2744
3499
2488
3530
3230
2749
2403
3861
2752
2637
2856
2081
5954
2315
2166
556
2865
3083
2237
4648
1085
2765
1971
2932
1979
1233
2683
2747
2772
361
3565
2003
3272
2824
2778
1441
2780
2491
736
3319
2784
117
3510
3290
4432
2155
5712
4554
2792
3369
2521
5514
2026
795
2947
598
3241
1852
66
62
2804
1768
2162
4356
2546
52
1722
4996
2812
1311
11
2815
2816
298
709
659
1321
2748
1208
2434
4886
5964
3707
3008
2622
3929
1994
2256
481
2778
3559
359
1742
3414
2849
3265
3725
215
4629
98
1974
1113
3033
2611
1928
74
2915
2851
4465
3683
888
5953
601
2857
2858
3186
770
4694
3902
140
1293
2760
4519
1582
4080
3633
4573
5319
2217
1283
2874
5589
1538
1035
2825
2879
635
322
2002
1270
5326
4370
1815
3189
2458
1586
842
2891
5271
417
2055
1054
1713
4053
5158
3580
3635
993
1369
2509
2904
3216
940
2907
2567
2909
4508
2016
2912
1266
540
1174
2916
2917
5392
3805
5581
3099
1088
4408
3299
4510
2926
569
2061
1338
2980
606
2932
247
2934
2935
1364
582
5030
3857
2940
5540
479
2579
3347
3704
273
3237
2646
2549
2950
5907
2515
3115
1438
2034
3572
1332
500
411
3701
20
2235
822
5390
4087
2966
1505
4089
2969
3133
3735
1744
3927
2089
3906
2571
4084
2363
5205
3972
3548
2964
1515
4380
209
2708
1933
2131
2989
997
3245
2855
5119
750
3025
781
2997
4777
2295
3000
4685
5776
1296
854
4624
2373
3007
3652
163
359
2759
3012
3531
4526
2523
3016
3017
4451
3369
962
5637
3722
1128
685
2522
3085
2185
4379
3654
231
4174
3032
3330
3766
4550
1060
2130
3038
5965
5619
944
963
1857
3044
2135
3046
3047
3
3281
4213
920
479
3665
951
3502
3056
3057
4966
3389
5932
5975
3694
113
1105
1164
4649
1116
2342
4145
1867
3942
5154
5570
1740
302
83
725
3278
4038
3080
2338
5505
5996
2049
18
1941
3087
2239
4343
4193
3091
3141
3093
15
3095
109
4131
3885
2465
1218
430
3102
1704
2045
2684
3809
2586
2169
370
1476
5115
62
351
3412
4530
4655
2789
3118
4725
494
3121
2800
1986
5665
2788
1594
3002
4209
3129
3130
2888
3132
3133
2645
3135
2958
2652
3617
3139
556
3693
4315
3143
3144
2768
3146
3770
2006
771
3150
2652
2801
3762
189
600
5406
677
5948
5677
3160
2592
1463
4633
2853
1806
3166
1087
1673
5410
578
1058
251
2161
2722
5551
1163
5320
2168
1283
3381
1861
3182
1380
2890
2883
3186
5526
5879
1975
3190
3091
2238
4993
3194
1082
3196
3213
4582
1110
2268
1281
1580
3483
2314
5028
436
3207
5202
3490
1522
2617
4978
463
4384
5040
3442
2150
3218
1446
2370
5567
4947
2396
2437
744
1435
1625
1229
1949
2748
3231
5790
1482
1430
3235
626
2383
3238
504
2899
3241
1271
2878
1434
339
1751
3247
1898
365
3413
2054
5070
278
1377
2661
5351
2937
4100
3705
3634
5923
1127
126
3433
4988
2416
3267
2471
1022
3018
1726
1329
416
1778
3706
306
3360
511
3122
3028
2611
4440
4271
3104
454
3286
2691
1494
730
5219
3465
3459
223
5957
1989
1821
1510
1198
1170
4215
2741
5216
3303
5980
3305
5325
1903
4669
1001
1307
1443
5193
3313
3830
226
4368
1685
2830
5755
1540
2628
1065
2712
5222
1377
2532
3416
525
3246
1983
3331
1185
4348
3149
1408
5684
3337
4453
2088
853
636
3342
2258
4140
3345
4438
5381
2190
4173
3350
2448
2792
3353
32
3355
1135
1968
2994
4344
3360
1881
3443
1558
4363
1314
2223
922
2281
3030
1578
1866
1880
3464
408
3372
3276
3377
2085
4859
4187
5025
1074
1107
88
3385
2686
4888
1491
96
3390
3391
3392
3429
3470
2040
1150
3691
558
492
3400
4242
3402
5838
4394
3918
3629
3717
857
1227
5167
3584
4310
3981
2071
1657
2480
1030
2577
5108
1808
3421
5321
3631
2453
1263
5024
2266
1767
3530
4357
3431
1758
1180
336
4149
1295
5774
3438
3539
2742
1077
3445
907
3444
139
5035
614
3765
5135
2308
2642
4896
3855
3454
5273
2454
3457
2179
3459
2115
5588
3850
3419
1738
2596
3957
807
1403
2369
3194
4541
3472
4277
714
2916
474
1501
1312
1796
2785
3168
3482
3224
3484
1387
576
770
3508
3475
2170
5671
3492
3493
2236
3016
877
487
4683
2451
4561
2056
896
3911
683
2371
2851
178
4838
3509
4435
3511
1546
2871
4520
3140
3516
1410
5324
1191
2171
1146
2787
624
2051
910
3526
3527
3054
2717
2729
1406
4851
5436
2460
2726
3536
3537
3700
1528
754
1907
4042
4258
2148
2987
984
2334
4477
3074
5354
733
2180
4323
2958
3349
2694
3557
2786
3669
2379
5915
2927
3040
4229
2714
3566
4403
1730
23
332
3571
2956
4036
1455
1088
2602
5808
3578
5694
3928
3581
879
2997
118
5267
1823
545
227
2022
1225
2499
787
2805
2315
1816
3596
3597
1820
1477
5825
3539
3602
5756
745
1262
4673
3034
3639
3976
3870
3078
2558
4473
5037
5528
4628
1348
4446
1301
3885
2519
621
3116
1777
3625
1768
183
3839
5438
5184
430
3632
3758
3872
2140
758
158
3638
852
4878
3755
1013
1959
3220
4308
818
3264
413
4124
875
3651
3645
401
3972
3082
1053
3605
5471
2485
695
240
2988
1414
3664
4303
3832
3667
519
4061
4822
3072
4682
2087
2685
3399
5519
1321
937
3679
3680
4058
2591
258
2142
5580
3500
3687
3672
584
49
3224
2721
152
3062
2157
113
1029
3150
490
2177
3164
533
2711
5397
4965
4481
2834
3708
1445
4128
3998
2548
1835
5909
460
3716
3802
3718
203
2879
2091
249
4117
4416
3946
1024
1840
3728
2818
692
1004
177
3342
3591
4141
1122
386
5670
5251
2039
3741
1630
263
3744
289
993
2314
2126
3367
3750
970
2414
1302
2810
1231
30
2036
2214
5078
3120
1590
5951
5400
869
2634
5502
3288
4741
3769
5255
517
3772
3686
3877
2873
5653
3440
3695
3156
1642
1791
3782
4158
2337
3785
2922
516
5124
58
2071
3129
1845
1349
3898
5426
3546
1265
1615
4997
3800
1305
3759
2631
164
1196
313
5296
3808
2147
1894
1906
2128
5636
5771
1886
2504
2466
723
206
3820
5253
184
1853
3746
3810
4939
3827
1492
3627
2972
1260
5834
4927
2733
978
3836
2876
1357
5686
4976
2811
3842
483
3844
5493
1692
1698
617
3167
5715
3296
883
4106
2348
1679
810
2773
4576
5182
205
3861
2936
646
3198
1294
1555
4365
2289
3869
2706
688
3655
3873
1934
698
5308
3948
4833
2393
2277
3881
5780
2356
2796
2573
807
3962
3824
4064
452
3527
948
3893
1633
2546
2069
4775
1884
3348
3742
2996
3902
1035
3904
2141
3906
3231
2921
2857
3540
3911
814
2696
3914
3915
1482
2806
3494
4928
5455
3556
1396
3152
3924
3920
1846
854
858
3692
3930
1324
921
3764
5282
1357
3579
1131
4328
1430
3940
349
3942
2328
93
242
499
335
3877
3949
4476
2394
1674
405
3954
3727
1355
2783
3124
655
1676
2657
358
287
3964
3723
2863
1791
3968
2999
559
3971
2601
1078
5741
3975
3641
3977
3508
4096
5441
5027
1728
1981
3657
4136
1467
2352
4708
2044
3990
5114
3443
3993
3994
1914
2417
2891
528
710
1794
2892
4002
5013
4004
362
4006
1810
358
1223
2014
538
4012
4013
1621
3059
667
2920
3437
5673
800
5340
3908
5995
2530
793
5280
3441
5679
5800
3708
5559
5372
4033
2210
1546
767
4037
3287
4039
4040
3598
3174
846
2046
3739
986
1236
1150
946
1648
840
4052
4226
4921
4266
3519
4334
1676
3436
1756
1399
1924
866
8
4433
1879
4570
2554
3363
3026
5380
1030
2671
3675
4466
4289
1289
1579
22
5468
5737
5956
1832
4805
154
1025
4585
5789
2
2781
1146
1077
2610
2976
2646
4765
4097
1885
2781
4177
4101
3771
1090
1254
1078
3198
4619
4108
3745
3167
4609
3429
1055
192
3747
4961
1703
1193
5371
3317
4121
1241
1039
2955
1634
5952
2643
2334
908
1286
5
1276
3504
4134
3079
2062
77
65
2281
4717
3735
2656
1936
2002
3069
1627
4147
1171
2088
3055
4151
2163
4194
3396
4407
3172
749
2216
327
4695
4161
3926
4163
3661
4397
4166
4167
1245
4169
4170
1025
459
1617
4971
205
1230
3380
369
4179
3076
1036
1663
4183
737
5277
1057
3235
2435
3391
4190
248
328
1359
3138
4500
2394
2608
1820
4199
4200
4201
2363
4203
1665
4337
1763
390
4802
5032
1284
3564
4212
1994
1943
76
3403
5949
4218
2993
2072
5420
2119
4223
237
5227
4962
4176
2782
4842
37
72
4627
3214
4234
4278
3108
768
4238
742
5615
1141
1461
2737
4244
3685
1057
895
1181
3944
4250
3409
1706
447
3848
3358
1617
1636
756
4008
2551
163
4262
3211
2356
4265
1000
4267
4667
4269
2149
3568
1303
4273
2918
4275
602
4731
4235
899
3892
210
3425
3616
4785
4285
4286
644
4288
1463
5764
1573
931
1611
5862
2606
2936
3176
1254
1322
3273
552
2144
561
4726
5918
3225
4307
3523
2081
5465
1884
5287
1995
5303
2116
1494
4907
3084
474
3144
1559
1930
2423
2593
4325
2113
1635
1292
4457
3609
26
2180
5913
1678
5446
5073
5587
3213
4862
1101
4341
2252
1152
968
4345
3542
1955
1541
4001
5450
3903
4352
668
4110
4355
2613
2525
892
1946
2210
1119
4362
1436
2692
902
4366
3842
974
5911
2392
1634
3621
4373
5608
3969
2766
3720
5703
64
2984
940
3215
2438
2732
4385
3953
2642
2340
5234
2925
1286
2258
174
1789
545
4396
4165
743
977
224
5384
340
2127
4404
2585
3578
826
3065
2937
4505
4940
1533
4413
4414
4415
323
1914
2665
5431
5919
1894
472
3524
2563
3380
3084
4427
4428
4429
2013
1821
1495
201
372
141
4436
5934
2622
4439
3282
1317
969
2944
3798
2240
3618
604
5685
1415
2649
5557
5558
1246
3148
5042
1309
2101
1026
3341
4460
1233
4462
4463
992
3880
913
1684
134
2877
1737
1235
1376
4139
4474
3009
3950
3389
1737
1416
4480
116
3871
4005
325
2181
750
2402
1423
861
1049
4491
1849
4493
855
3534
802
1781
4498
3277
652
3928
3027
4503
2404
5310
4642
3586
5232
4699
263
4511
4512
4076
4514
903
2814
4517
100
1459
853
3042
5708
3732
775
2299
5748
2673
835
3656
2819
4099
3561
2017
1787
1097
5877
3046
4538
2367
1935
3528
3893
3825
3191
4545
1557
3257
2845
4549
2416
278
2862
4991
5656
1620
5797
1985
4558
196
5203
3843
3305
180
4564
496
438
521
2212
375
414
1544
72
950
4574
4575
3858
5044
3083
3837
4580
889
3607
2560
2885
2550
1882
3141
2668
757
3807
1708
3383
1563
2505
1103
4596
1651
2511
3318
4600
4601
4602
91
4604
1569
2624
3316
1316
3249
2755
3787
5569
3826
590
4615
5930
1775
1264
3632
1176
3128
3006
4028
3140
2895
4828
5500
199
2842
2179
4631
3013
2214
2539
691
4636
1405
5127
2331
338
1620
3765
5627
2593
3125
4646
4647
1702
3976
4650
2306
4652
1288
4984
1923
3943
4657
928
1349
836
2941
4662
5261
4664
4665
3880
379
3189
4322
4670
2037
4672
1507
3659
2238
2203
321
2227
955
2542
4681
696
731
3081
3390
1627
356
137
1754
4690
3585
4692
548
2086
2073
3879
732
137
1406
3455
4701
4840
1689
2056
4347
3686
1507
3094
2243
1538
4774
5672
230
3166
357
1993
4836
2399
4719
5548
5265
149
1883
3234
3520
2136
5097
1347
5051
4906
1739
4104
5020
560
1657
3156
2551
318
4739
3135
403
2113
791
92
860
16
2720
4748
4749
1888
1016
3282
3005
1788
3243
4756
1462
3971
1892
1947
557
5648
3314
1536
5057
4979
4767
2530
166
2756
73
828
686
1128
46
3102
2998
4778
1929
4871
4781
2111
648
1304
1789
4786
4787
4222
4789
1532
2501
4792
3763
1889
45
2575
3446
3113
2826
3019
1599
3600
1826
5327
2268
649
820
2636
4603
1422
437
707
5726
2309
925
4816
843
5742
718
164
2654
4742
668
3958
1636
230
3313
3458
1153
1612
4831
2290
3933
2340
4390
272
2120
941
1719
3624
5487
3021
2954
1987
1515
5016
5291
4812
3228
1984
123
1969
1765
1819
3386
5212
4857
3994
917
879
3012
5517
1017
3301
1982
5903
1778
1064
5532
4870
4635
71
5435
747
4093
735
839
143
3940
944
3647
2752
4883
4884
2224
1779
1996
1291
1557
4890
4891
2875
4893
3506
4895
622
4897
3243
1773
2005
4901
2058
2833
5537
4905
5605
2612
1371
930
4910
4911
4912
779
4914
4915
4916
3022
2339
2186
4709
384
3674
1243
2945
1897
962
1592
658
2100
5350
1278
5106
2799
4934
3339
1970
837
4938
2970
3432
2055
5981
5594
1250
814
5173
3456
5210
2467
4950
1429
3240
2492
4954
1114
4230
949
2672
5662
3709
4732
732
3105
4964
4880
3058
1137
3797
4969
1683
222
4422
2666
2320
50
3840
5572
3679
477
1890
1465
1828
889
3991
4985
4986
5191
4826
4989
3467
2420
1063
2867
2490
2728
13
1801
4041
4999
2608
3477
3546
636
2208
661
42
915
219
837
1373
1587
3397
1547
2306
1449
552
490
39
1528
4733
3047
1356
3743
1991
1776
212
1792
2621
1976
138
1530
2321
1196
1909
1655
662
2138
1854
152
1051
1060
616
4274
224
2446
3347
4252
2766
5049
5928
3993
3327
1175
842
4485
2709
740
3815
2732
4637
1401
2713
3263
3795
5065
5460
4837
2106
3292
91
4770
179
3502
4687
3430
1763
3957
494
3130
308
5081
5082
3255
2861
3070
4702
2968
2347
2426
4645
5091
5630
3199
5094
197
5096
3664
2372
241
1298
5101
3474
5103
2702
2145
380
186
711
763
1202
5926
5112
5421
5084
747
3628
2397
5118
4228
1042
4736
5344
3018
4102
1667
903
4311
5128
3653
4716
3363
5888
3751
5134
5555
3445
200
2456
752
2435
5141
2326
188
5365
2615
2761
3307
5621
4590
206
414
427
3119
3123
455
5156
1328
4195
5159
1240
3073
4587
3238
2807
3823
5166
1525
5318
5169
5170
4302
2504
4047
5174
2137
1287
5457
5178
225
1413
5181
2823
605
916
5185
159
2105
2978
1460
2256
1513
2043
3114
530
5195
5196
2914
3715
5199
5200
2511
172
144
1653
2979
2626
5207
5208
712
4237
4340
5678
2432
3020
1501
2255
5217
3481
374
5220
602
1891
1637
3832
5225
3028
4077
3170
1453
3724
5231
2381
1622
3847
3636
5643
4990
1540
5239
482
809
2001
3913
2019
3071
3505
5247
994
3825
933
2486
4119
36
5254
2685
5513
5257
1037
5259
2537
1115
2875
567
169
2821
604
41
1000
4301
121
1043
5272
2387
2385
405
5276
4185
5278
5209
3845
5281
3036
5283
980
5285
398
4959
819
5855
360
3936
3781
3613
2298
2961
1669
5297
1938
2625
3063
4796
795
2226
2488
950
5306
3259
775
1681
5896
3778
4103
3517
868
2079
67
2872
1209
3153
5163
3673
675
568
1166
1285
2884
3589
3989
1923
5330
5331
5332
4159
5376
2407
3763
5047
4735
765
1148
3322
5342
4970
1543
5161
5464
4728
4043
4546
2584
2117
3982
184
2206
3522
586
1856
3930
949
2289
5361
4066
428
1578
3075
386
1643
5492
2896
5312
3766
4088
2696
1769
935
1670
5399
1834
3393
1444
2406
610
2912
590
5385
3985
3053
5388
2377
1225
2487
148
1750
1912
2673
1019
155
2929
3266
3372
383
5171
2763
509
5405
94
3740
5408
4552
3907
5411
3354
4956
3909
1901
943
630
1896
2395
3054
450
5884
4
3
373
3713
1466
1951
14
918
30
5432
5433
5434
2429
4894
1632
3878
1341
3862
506
1736
3195
2775
5445
334
3327
5448
5807
4350
5451
5452
5453
2919
1355
2118
1173
3486
985
1645
367
3229
4065
802
4963
1099
5467
84
1274
3519
4975
1235
5473
5111
2800
5476
1616
841
3917
5480
2260
4155
5483
4856
3722
1945
2349
5488
2670
5927
1536
1071
5768
5494
5495
639
766
2847
5499
4659
3379
5895
792
2134
3082
59
1024
605
1638
3724
1733
5512
1242
4848
1822
4073
746
198
3193
5520
5521
214
2794
3929
2835
2462
1419
1434
3003
1808
5531
2351
4034
498
1761
1271
1695
2826
830
293
1701
4821
1265
2077
5607
344
5547
5872
5048
2762
3644
2287
1828
2607
2472
298
936
117
3044
1865
5561
5562
5563
5564
2985
5566
2548
3943
2544
5462
1399
5556
1352
3056
938
873
5577
347
576
1833
4281
4090
2669
3202
5585
5586
1221
2000
3702
2209
1711
2249
5833
3927
3491
1085
1291
4516
1361
133
3978
5602
3351
5604
4239
1362
4443
5723
2119
1570
3074
4270
5613
2892
1341
4263
3496
1715
4680
2105
353
5622
5623
5624
5848
5626
4643
2187
3110
2316
1552
2534
5633
4948
1908
2627
1629
5638
2909
4494
5305
951
5423
2096
1900
4734
797
320
2128
2649
3642
2480
4143
5018
1142
5680
2023
1512
5659
3395
1860
995
5663
2308
2571
5034
2719
3576
311
3227
2148
3600
4019
2589
38
4924
574
5454
332
2061
3368
5682
388
829
1771
2483
1568
5688
4839
1635
3759
5600
5693
1450
2943
2012
2449
5698
3379
2338
40
2631
3648
3979
5705
4320
1012
5925
5592
5486
1545
3813
3099
3550
3761
2948
5444
455
3232
5720
5721
5722
3200
5634
1296
5095
5727
1290
3087
488
789
3049
961
4057
5735
2196
3922
2927
1585
3676
1749
2031
5743
5744
5745
1928
5050
1654
1069
5536
1483
1781
4955
5062
5681
2929
1872
2908
579
1324
3250
3433
2201
1802
1241
5766
2392
82
2144
1281
2431
3061
4078
1059
3184
579
4459
2090
3497
4017
2955
4246
374
173
1893
1033
3707
5788
147
5352
3912
4206
5869
3191
1032
418
4312
1963
1240
3939
2042
3622
1375
2287
5805
1041
5652
4817
2592
2409
5740
5322
5813
5902
220
1262
5823
1919
20
2888
2840
354
3295
1433
1038
5238
5827
211
504
124
1717
5832
3249
1936
5835
2449
2756
601
5250
5339
416
5842
4342
2659
5845
867
3882
1465
3829
3096
555
567
1665
1599
2411
5856
5857
5858
2277
1560
1179
3818
702
3764
1469
5644
197
2801
3251
3035
2788
1759
161
2873
1046
753
2507
5878
2977
2905
1096
297
3737
698
3180
1094
1252
2312
5425
5890
3066
469
5263
5894
2010
325
717
1451
4472
3236
5901
2832
4866
5904
3668
355
80
1073
581
3299
5574
192
3547
591
1123
2883
1478
1004
1033
2982
148
5922
5819
2793
3077
390
1111
3660
1832
5609
3477
5714
138
3159
5935
5936
674
1307
5939
5940
1959
90
1023
5944
1817
4086
5947
3158
7
4595
727
433
4919
4820
4715
1752
1623
1858
244
2817
5961
5962
4506
2825
4892
2307
5853
2556
3244
517
3557
5972
3695
5999
3805
2544
5527
5978
995
1656
1372
2142
5497
3297
4544
2393
2962
3492
1999
1631
5991
1785
2456
1814
1753
1389
5997
5998
3382
