0
8041
5176
2033
4605
8677
1023
7
8
7815
10
11
8469
6488
1892
15
1317
1952
6956
3225
9870
2367
22
8732
6226
1903
3919
5494
5681
4458
3826
5163
32
8053
8460
4851
9719
37
9903
1034
2408
8924
5840
8857
8820
9045
586
2242
9110
5251
50
5691
52
2279
5321
1092
7663
4638
8522
2093
5849
7784
1114
5802
7470
6201
5148
666
9856
8352
947
71
1022
590
3603
4557
2540
4626
3247
8904
6519
2036
4927
83
5739
2753
86
87
7498
6173
2264
7792
3629
6045
94
4301
4937
3728
5594
6929
100
4246
3199
724
5590
105
1371
3272
108
7132
6837
2804
7322
299
7954
4913
8635
2195
9762
3143
120
9076
533
123
6079
1409
126
7345
20
5181
130
9481
9781
1711
7267
4395
1677
5346
9999
908
140
7759
1339
4033
8150
5195
4003
6331
9400
8817
7286
4987
8333
7368
1561
155
156
5443
158
7861
563
3900
2987
163
6993
2196
166
5344
8141
8392
3740
2191
9238
903
174
2698
8585
177
8553
4474
5976
181
2256
5539
7251
7029
6181
8755
4466
3977
2351
6237
7997
56
4232
7114
1533
197
4387
3663
9716
7024
1960
9568
286
8573
206
9282
208
9897
8829
308
7203
2189
9122
8085
188
1991
6983
7741
4896
323
58
9228
5562
804
759
4697
2672
9047
506
3609
3860
233
6500
5338
2234
4976
5588
239
2355
7107
5334
8454
4490
7561
4678
9890
3249
249
1186
7215
1873
253
254
8967
3987
7218
258
259
8327
9128
2227
711
7437
1077
6860
3623
7340
3935
6280
702
5095
7495
9160
8873
3769
2617
4760
635
614
1628
3607
1525
5609
7776
1542
2548
4411
289
128
6703
4839
476
8003
8015
3248
7338
3065
4709
300
6622
4273
4275
6702
9276
9350
307
7087
2152
4108
5782
4157
789
4292
6363
6756
317
4219
8856
570
4369
9057
2826
4417
325
326
8578
1373
8663
4471
519
332
3626
1830
3077
9786
168
4723
6447
7219
5396
7836
7803
1318
345
9270
8210
6845
349
1030
400
3037
2614
9060
3813
356
357
756
3423
1499
8265
9945
1110
3488
8596
366
1871
2751
369
3672
8330
1809
6448
7567
5542
3678
8468
8764
2319
6774
3863
1548
2808
1192
8227
386
8217
6318
5807
8754
971
1345
393
1585
395
7986
3570
247
9889
8084
7159
2732
5355
9501
1218
406
407
3745
6158
5312
3604
3948
4010
569
7933
416
417
1126
9635
7598
7562
4367
1518
4155
7643
184
427
2298
4600
9
9816
8408
6645
3546
6862
7184
1187
438
2657
3287
3290
3916
2610
3606
3622
1709
7461
9378
1918
2180
5337
8787
5930
8980
5847
5915
5522
8523
6841
2147
7476
462
7191
5434
2864
5490
3798
3400
5383
4398
1565
9477
6839
4819
6959
7535
1460
1191
484
9838
481
716
1306
479
7243
2101
1291
8106
6793
490
7432
6670
842
4970
495
4313
9468
4240
596
5501
8451
4080
1332
9255
9399
4245
4876
6517
8094
2835
8968
1483
6736
4451
2641
3528
8351
4867
795
3349
442
1162
4919
6454
7062
3160
4888
9873
2643
530
9454
6346
2290
6879
1881
4706
537
3787
560
8819
7545
1177
5270
544
6637
5892
668
3314
6770
550
5510
552
553
4597
555
556
9677
558
9388
9836
3346
562
6440
564
3979
5921
8675
8249
9516
1801
185
572
3823
6941
9035
6256
9053
8432
5565
7917
6815
2288
6963
6560
585
7431
8263
2821
1259
73
8381
7019
8991
7407
9717
5109
2071
9079
6969
3087
4532
9659
9730
2488
4730
6465
8526
6068
609
6052
7007
1490
4608
5284
4933
1051
939
5370
9224
577
621
3864
623
624
8425
1307
6817
8001
3297
3516
7116
398
633
7130
4656
7726
2391
8261
639
9062
6423
3866
3169
895
4732
3512
1659
5389
7755
4849
1848
4727
9259
3437
8065
3865
2168
9956
659
3388
7915
2908
892
3391
4341
4538
4971
8115
8691
5168
5544
672
5943
449
1805
7147
677
9840
5952
7700
1831
6212
9592
684
3776
3483
5563
1415
8070
1240
7818
471
4018
5604
9209
696
2959
4814
4998
7417
7367
5348
6321
4647
4675
4499
4866
35
9313
710
283
2852
5888
8019
5454
9376
9215
6383
5177
5039
8191
4631
780
4413
7978
8507
9881
7627
776
730
5711
8009
5456
6687
1426
3096
737
3464
4957
6044
741
742
6005
4792
3736
6207
747
8340
4790
4572
751
6064
5852
1439
851
5645
2435
5662
8466
5041
6361
2514
9445
3807
765
1295
4483
6143
7780
3322
9749
7064
6942
9285
167
387
1448
2953
7225
3005
5489
833
783
7053
8197
8196
8129
5012
1151
7581
7205
2225
7415
1016
2482
2041
797
3778
1529
8710
1969
3711
8204
5635
805
3517
5905
9281
1505
5421
3684
9396
813
4742
8417
6085
1927
3553
38
7374
9112
4776
657
3894
1722
5863
2750
1794
829
3582
2626
360
7271
834
5498
1148
837
1121
8966
421
5100
5492
5944
8598
3354
1974
2971
8042
6777
5534
4424
2893
7612
6481
8502
5288
4778
6835
859
1000
6780
1648
1202
1229
949
6316
9424
2385
1535
870
4441
872
2444
9718
2725
6452
2015
878
879
5433
3348
1778
6779
6982
525
886
7298
5664
3636
7058
9345
7553
893
4148
8455
896
9801
2917
9085
2035
2184
3122
7589
6490
4192
906
725
2223
7301
910
5749
9408
2513
914
6549
6786
2048
7216
4784
920
921
3048
923
6385
5555
926
2123
5196
4373
7412
7011
2541
3624
4180
3219
7006
937
8915
8479
9922
3506
825
943
944
3539
946
3026
5767
7772
3942
1437
1146
5521
954
9826
956
8334
136
148
5900
8353
7628
963
962
1283
706
967
2731
4404
644
3049
6857
973
8379
975
976
977
1936
979
8162
9472
818
3771
6115
5067
8556
8574
2350
989
990
2030
4256
993
6352
4989
1712
2711
4942
5987
7975
2517
4974
5879
8577
6026
4581
9893
7644
9203
1919
9081
5750
4187
2496
4432
2825
1017
7543
9963
2007
8038
9564
6
4679
8640
4337
1007
9542
8138
3197
1761
9370
3035
3891
5572
8295
1037
1038
1039
6100
6208
5413
8841
2818
8525
1046
3599
4643
1049
9572
26
5820
3806
516
1055
9732
8371
6249
584
1042
1061
9082
1105
2088
1065
5030
499
8319
7331
1070
1071
2213
3527
2748
8799
4266
7256
1078
7124
5068
6491
8296
1083
3819
2250
8541
4574
5598
6380
8311
5503
4071
28
1094
3785
246
1455
3427
235
4050
3487
3991
162
1341
2446
7190
1107
1108
580
7801
9513
1112
9048
6128
4681
9623
6378
4961
6733
4231
5019
4668
1123
9895
1125
2395
1127
5703
6893
1130
1131
8914
5350
5418
7591
1136
5031
4019
9026
1140
8860
1142
5747
9764
3042
6233
1147
8230
2868
1150
3535
2536
4382
4094
1803
4544
3406
5221
1159
4448
2226
5541
3541
2261
4526
3975
6487
8341
1169
2547
6320
4264
3178
1174
883
7549
5942
1178
8316
1180
3521
1182
9916
1184
4008
3395
8298
1296
1189
321
715
6945
8842
3676
6370
2577
1676
2769
8007
3882
3079
9390
334
1248
6676
9735
5580
2218
1209
4857
1211
7542
5352
2884
618
6004
1217
6699
454
8695
9069
7043
3518
602
7892
2840
7767
6297
9234
7980
2615
1232
1530
7223
3742
2727
4611
6765
1672
6946
2760
505
2702
4212
5791
778
2526
1204
1743
1250
7617
3868
1253
3504
8655
4676
9330
9011
3962
8183
5523
9332
5184
856
6847
9141
7485
6372
1269
5044
7775
1272
1273
9788
9832
1854
8220
888
434
309
4890
8548
2636
7324
9316
1286
8571
5859
1289
8758
487
821
8869
6609
6989
5712
6247
9172
439
1930
7829
5091
9700
2896
6002
2237
5692
6290
6528
3057
1311
3293
455
2004
5866
5843
5144
7977
1418
1320
7696
4037
9633
6896
9928
5010
3162
5582
7827
3897
2394
9812
9523
3566
9654
8601
8338
9774
2876
3113
1911
9494
7239
9509
9955
4327
2068
5066
9198
8493
1351
2891
4120
2262
5772
794
6062
2475
6518
9002
4430
6627
2666
1364
1365
1366
713
5518
1369
498
1644
2734
2416
693
9091
6668
3264
806
3574
5005
8531
8739
8135
8997
9065
1054
8942
3390
8394
6661
8271
1392
6506
3681
1395
1396
3910
1398
2233
6253
1401
1185
6014
8387
1405
3237
5728
2582
8673
1399
2792
9898
2996
5070
7207
1416
3444
8527
1596
241
5687
4770
9484
145
3827
1196
9586
368
8889
8884
1361
8325
9096
4185
8878
1941
7511
1438
1261
1440
1441
7398
4598
1444
2430
8584
5968
21
7196
3667
7499
4923
6796
4517
1447
1456
1457
959
7604
2778
1461
6787
2503
9241
1465
1466
1623
9579
1944
8419
9531
8823
1500
1921
9555
5949
1523
5283
8307
4070
1449
2524
7425
1484
3978
2810
2565
2786
1988
869
1491
3109
7149
6514
4904
1251
1497
1839
9636
7865
1501
7103
4872
6678
6829
1506
1507
6017
1509
1510
3515
5710
7822
1514
2427
9950
5634
1531
6939
1747
2569
4708
9852
5732
9441
907
1527
379
1700
1233
4360
8213
7110
7037
494
535
3233
726
7337
1120
7213
204
1543
9073
1545
1546
8930
9166
1780
3945
592
7502
4272
3943
8203
3692
9713
8446
1835
1560
1115
2249
8484
1564
5222
1953
8830
198
6822
8986
252
2414
2289
1981
1299
9380
1577
1431
1579
1678
1297
6977
8185
7518
3689
7405
4564
4552
983
5629
6741
4939
1593
523
7777
664
3732
5133
8346
2848
6867
426
5695
1604
2316
7204
1316
7952
2822
1313
1729
5255
5778
2131
3966
7610
1617
4973
273
4993
1601
3111
2843
9865
2052
8119
4912
281
4321
1652
8708
1632
6180
7703
288
2407
6952
9664
1626
93
9443
7161
1847
106
2174
6568
1635
2201
1649
5910
3310
371
9696
1654
3775
1656
1432
2333
6927
8331
7683
3350
1663
306
4621
7282
1667
767
637
2115
8178
5024
2613
7560
2471
3071
8376
266
6869
2713
4176
1682
1704
4810
7840
7771
7140
1688
5293
3723
1691
2303
8303
310
9325
3067
3398
3737
5487
799
5581
1197
1882
7187
1705
2568
4480
2188
2836
1710
9433
6712
4115
9197
8785
5374
1717
5568
2497
9576
5333
4449
5013
4541
1176
4869
5023
4261
7646
1349
4429
5999
1733
9480
2049
7026
6416
3208
8207
5969
8380
7131
527
8782
9651
1746
9949
2404
5938
1614
8945
9153
7891
2069
3254
3284
3153
3369
1759
8725
8969
232
8981
4586
4281
8214
1767
9992
3129
6554
1771
2072
1526
5486
545
9683
7489
8158
1779
3627
3946
2736
3699
8489
7881
4507
6757
5764
7897
7779
7202
7995
6537
5188
137
4959
4525
3880
784
7151
1255
5093
6434
4623
7430
8890
6054
1800
2539
1810
6202
1812
9525
9222
1492
5209
2990
1818
1819
1820
8121
705
3469
1837
4670
3792
1827
4343
7651
1634
3814
1423
9029
812
2138
3881
6245
2858
8153
7496
1488
1972
874
1844
4004
6057
9206
8397
2559
7895
9640
2950
1853
8081
1851
9239
7391
1858
7588
377
1087
6039
4804
55
9217
5020
1615
3841
1869
5716
6918
1872
1003
1874
1875
9689
9478
2268
110
2271
3657
5737
1223
1884
4229
2969
5577
173
7393
1072
1267
3714
1893
9844
3939
8740
3491
757
1699
6679
1901
890
9033
1904
1905
1906
8224
2460
3015
7311
6516
654
6038
1040
3070
1916
7787
4911
2977
8181
7948
9712
8611
7046
3967
6324
7969
9842
6997
7264
6534
1173
1170
1551
7008
9308
1937
1938
3803
2269
1328
7234
4388
7570
4031
2204
7111
7606
4803
1547
6802
4791
8211
763
5282
313
1957
1958
4822
3280
5660
3560
2542
9102
9995
6855
7433
6204
157
1199
2130
9997
1367
9168
4673
8329
4082
3890
7302
4663
4189
7805
8002
9185
5903
4013
6759
6315
3618
758
3041
1992
1993
3811
488
1996
4951
8209
7904
4563
6688
2795
542
912
4248
2006
9274
3906
1933
9087
7089
4516
4380
4853
6930
2102
3990
8323
2019
627
1971
8402
8302
2024
2025
3876
9188
423
3673
1429
8896
3465
5834
1864
4719
2619
1552
3024
5792
248
8448
2042
2707
7568
152
2509
2671
917
2207
9615
981
6148
18
6133
1658
9704
5277
3154
1451
9866
5789
5243
2063
6849
2618
9149
8413
6594
4039
1967
7830
8043
2625
2074
2075
1928
6446
2078
4016
8974
1171
8590
7068
54
2085
1337
9214
6467
6543
5517
3752
6985
3773
7711
5962
7613
68
8954
4188
6351
4506
5898
6287
554
2823
9008
8252
7566
8212
8998
2111
3547
2185
1256
3738
2116
7751
4510
4104
4479
7023
4143
3193
6285
611
1783
9570
8792
358
1857
2620
2368
7642
1263
8168
6666
5731
5465
4053
9932
2141
2142
8075
2144
2592
9972
8646
3262
2490
429
831
5988
190
3174
2841
8762
8520
3558
2159
1775
9746
1327
3545
3386
3575
5266
5478
2931
5735
9131
1964
2172
819
7258
9630
4780
2486
5769
7353
9940
365
9233
6161
2246
2323
9851
2187
9695
1609
2190
3949
1597
2491
6591
1312
9686
9639
1323
2199
3461
862
1074
9517
5721
6058
2206
1133
4349
1636
7850
9515
2212
2411
1922
2215
9808
2217
5883
4840
2220
5470
5763
5693
887
4020
3460
1836
8231
6915
3268
3307
5125
3339
2853
5526
6442
8941
2238
2839
3136
8190
4171
6389
8748
8416
5281
436
3323
2067
6091
2251
1624
8773
7678
2669
4620
9393
6281
333
9411
5474
5060
9929
2790
6114
1724
4672
1931
9190
372
9926
9392
2171
5986
3378
2276
3869
302
122
2280
3593
2282
8270
2165
8026
2286
2178
4152
6871
5717
7846
3266
7355
3981
4263
6043
6917
6218
8090
4452
5514
5241
566
3191
5614
2306
5427
6130
5743
4320
1721
4202
375
6851
2921
9985
4116
2376
2309
4571
6647
6526
4356
3513
1242
2326
7704
7283
7514
674
2696
8146
4447
5803
3571
3360
703
665
729
9775
5927
2342
9912
1773
718
2149
5447
4764
5839
5239
3508
2352
5121
4118
3779
918
1896
2358
9747
9333
6950
512
7870
9497
2365
3431
4505
1278
2229
4195
1321
8532
2307
5948
4736
3583
134
2378
1165
9326
8223
6348
7528
7260
6764
6472
6092
7313
1895
8339
4440
5833
6494
1331
390
4925
2397
9003
5235
8093
8336
9728
1887
7664
4128
4461
722
3432
5951
5606
9913
2412
1494
3126
4722
5530
3645
2418
3051
3230
2421
9384
697
2889
389
9335
7550
1728
7691
8254
5631
6898
1914
5911
27
4886
4509
4743
8248
8614
5212
2245
5000
7554
3229
4844
6276
4465
1063
1568
9959
2452
5561
4184
1382
9277
2457
8867
6848
4725
5684
4160
5392
8859
6011
4443
4410
1276
1989
452
6177
2472
2552
9529
1675
8805
8305
2478
6680
2480
3359
786
1412
4415
4751
7065
6236
1788
2489
6583
2056
7478
3956
8348
2507
5655
3986
2498
3238
1730
6155
3190
9533
6850
5061
3090
2079
7717
4391
5961
4241
2512
125
7507
3371
6996
485
5139
9981
7436
2521
681
7309
8275
787
6656
8722
2406
8055
9835
1753
754
7770
4043
2535
2140
9208
2538
6955
4164
2375
8421
3273
5029
531
2117
9806
7278
2637
1962
3332
7731
4397
9113
9132
814
3212
2558
9170
8899
444
7128
6008
2564
3055
3633
2567
4227
546
9258
2571
2653
2573
4191
603
4145
1073
685
9305
2580
4484
5292
6265
648
3075
9116
9669
8575
798
4040
5688
7504
8810
1277
5075
2596
5273
1388
5862
6875
823
8999
4315
2441
4209
8056
2576
2608
9422
9019
8386
8566
7540
3424
9013
2170
9597
9771
5893
1013
7261
7847
7450
3644
8363
6749
7104
1611
1646
9839
1912
7222
1210
8750
9809
5814
2549
3214
1411
7563
5593
4344
8961
2644
6590
2588
4048
4924
2649
2989
1726
5104
4858
9706
2845
4734
848
1424
5680
7637
1817
9074
844
3034
1660
2181
6602
2300
6507
2061
1737
6771
8630
2674
6844
2676
3094
9337
2679
2680
2681
1946
5375
2684
8719
3209
1786
2545
2436
8651
1080
5815
6692
687
4892
680
6601
2302
8047
4789
4997
984
2703
2704
7620
610
6394
2445
2709
3683
9363
4463
8142
6183
2892
1362
6240
998
5276
7294
6140
2765
6248
4497
6060
9847
591
2728
6885
121
3579
8994
5837
9725
2735
9006
3204
7716
1452
7636
4375
5812
8368
9872
2745
2746
707
1064
6267
8814
7373
1570
1540
4702
2755
6948
2757
2658
327
7334
5700
2762
6704
5925
2722
5245
6086
2768
2359
2770
7800
1725
2009
4207
5978
3557
882
382
3877
2780
6674
4699
9301
930
4102
1287
1845
2788
1352
9751
4542
2827
8023
8747
1122
7169
2797
8686
2799
2800
8906
2802
2803
2846
2968
663
6725
9426
3014
5537
2811
6338
2381
6083
2815
2816
2817
8187
5753
7971
1592
5194
4595
8876
9246
4698
3731
8634
9795
144
9022
6223
4550
9194
846
6810
3022
4895
2752
4056
6132
6495
4059
2844
1407
6420
2169
3168
997
7873
2851
9811
5064
9055
2855
6211
7152
2369
7390
7532
9607
1581
2863
4753
5617
2862
2867
1149
5049
2870
2119
6336
3898
8395
8933
6138
6244
2798
2879
1860
8513
723
8926
4511
4174
8260
9754
7661
2894
3816
291
4123
7183
3058
2895
7050
9324
2898
2899
6897
4575
3613
2903
8529
5186
1106
7788
1791
2764
2910
4072
5412
7677
7520
1537
8036
2208
3621
7422
9626
4999
2829
2923
460
4158
2926
2927
1797
7512
397
4560
4138
7137
7122
160
8620
5453
2938
7427
661
3032
224
6541
4154
4418
2946
5649
6230
9522
9855
2327
2952
7005
2954
8292
7908
2957
3466
2265
4172
5154
9649
2963
8694
6061
2966
7344
7143
9547
5861
1627
6593
2973
6364
324
4833
655
7807
8089
6623
6751
9412
1898
8112
2985
4615
1486
2988
4561
5015
2991
4095
1575
4523
1091
9015
2603
3152
4567
3000
7621
1471
1235
223
4110
3134
5959
2556
2717
3010
6455
5048
9684
2146
5311
3638
8905
5403
1985
8699
3021
2939
5827
6069
3025
6163
3027
6174
9061
4728
9256
5607
7810
2854
2113
6262
2346
6895
256
9954
3098
5231
9800
9892
3045
6189
845
329
1713
9382
1275
3052
5819
847
1194
2690
8641
3812
3059
1917
3061
5613
3063
6401
8946
3686
8125
3185
9549
8619
7548
7486
9627
3886
9984
2662
2515
6505
8835
3080
4899
2321
7786
532
8315
5223
9139
3163
8273
6216
8359
3092
336
6407
3789
34
5754
9553
5945
6834
620
4198
6225
3104
1443
1464
8605
6113
9714
6125
9375
3112
4476
6313
3548
3116
3117
4821
1899
4901
4633
6975
6413
65
6684
8538
1703
3128
3795
2200
1021
579
6806
597
9925
8806
2433
1315
7809
5477
7681
3142
1301
1932
3471
2667
9291
2473
3149
1212
7687
1855
431
9056
612
3905
6379
3158
5727
9156
3519
8442
3088
8229
3165
7668
4551
9309
8116
5853
790
7962
2198
2154
6308
3176
3296
7086
3007
3851
4372
4800
6090
4802
9943
3186
5073
1727
9736
3971
3829
347
303
2984
2675
3196
5108
3198
2761
1372
9318
483
5226
5744
2450
3206
698
2883
4365
1647
7517
2557
6821
2370
4005
1020
1752
7783
7961
3950
2930
8184
3223
2331
7002
6965
3227
84
5200
8074
9737
3836
8301
3234
3235
7402
3805
4860
4132
4311
5643
3072
3944
3244
864
9359
78
296
3459
8241
3600
8735
4787
6984
4350
9496
2705
3258
2127
3260
17
2148
891
2942
7989
5781
3267
81
9111
3270
2384
8975
7555
5159
8581
3276
9567
4841
5990
6021
8618
2767
5069
1756
3285
3286
3632
3408
8234
2718
3291
7109
1924
7930
6713
6188
9407
774
5860
7533
5981
3404
3303
6576
3305
1698
2934
3308
8496
7328
4593
4862
7445
3958
1117
7748
3317
315
1824
6520
3321
1421
4332
8175
3325
7335
1035
8839
2356
5162
3331
8457
66
8751
7389
5551
4331
3478
5182
4342
8547
3342
7828
3084
3345
1036
4861
8813
5469
5908
4144
3164
3353
9148
1474
1955
2537
3358
419
6493
2442
9457
7842
5647
1664
3302
3417
448
9377
6214
6003
2308
1047
7297
9998
3376
6033
810
3379
6073
1696
9150
2087
6980
1164
6739
7074
171
3389
6904
9362
3392
3393
9118
1453
4826
6354
7505
8761
3980
2487
3114
3403
1674
3405
1157
6814
7265
3409
8908
3411
5362
9634
5618
735
820
2805
8418
4134
3532
3421
2633
9106
6934
712
3426
8130
4323
3429
2299
5809
8917
1384
6579
3591
9114
411
2915
8377
628
1956
6994
3443
2706
5390
4850
3447
3448
9864
7173
3451
3452
2929
2994
3455
9859
8617
8474
2086
287
7799
3462
7985
458
2685
2958
3467
7279
7036
5934
5977
7874
8570
3485
3475
4173
5304
1910
3479
5217
5804
599
4193
3484
2098
3486
1618
352
8760
3490
8035
3492
5079
192
1973
4130
5467
6789
2668
9034
3501
3502
12
3217
9804
941
922
9177
7348
7469
1990
4713
8723
3514
4179
5771
1378
1270
4279
7547
6840
3522
3523
936
4090
3526
7931
3658
7090
561
9066
5540
3101
839
1909
3110
3220
557
4308
1029
1163
7126
7067
6229
7315
801
601
2611
5423
3550
3551
876
1175
3554
5130
7221
5424
5440
9962
6418
3561
4101
4027
5506
4579
2500
5701
4683
3569
255
7699
3572
5640
2888
2221
383
6082
3578
4740
3580
3581
5714
2211
2598
7670
678
3587
6832
7327
7990
4788
8155
8893
461
3595
3954
985
3598
2763
6470
7491
2830
4744
9563
803
5557
704
3608
7998
9833
6808
5483
4492
2585
6462
4061
8383
8726
9911
2924
9137
6178
7510
1838
280
8389
1549
3628
7076
3630
3631
5960
9919
1459
3635
2714
274
4105
4208
4086
1731
4333
2434
4949
6122
9823
418
4988
6027
4129
8498
6870
8960
2424
6748
4907
5856
4737
2726
7811
9264
807
351
3664
5213
5150
1762
638
3669
2563
928
5086
7220
1591
3172
4183
3677
6220
4450
9960
6286
7314
1519
183
4783
2429
2833
1152
9120
3496
5341
8312
3161
3594
3695
5327
2283
3698
6160
5123
9133
6876
3861
2080
1826
9540
1813
3708
4386
4124
1608
3712
3438
1050
9464
4975
6971
322
3719
4983
6397
8171
5989
5385
966
3529
3727
8903
3729
8188
1976
7041
827
4666
1987
6891
6603
2040
3279
9444
5442
2575
5360
7688
8222
7397
6149
6728
8721
61
9179
2373
114
613
5940
1338
5626
6179
3759
5573
3761
5037
9037
4607
5118
2409
3767
6558
9225
293
30
5331
3148
2520
1521
6648
3511
3195
1734
4412
6255
7366
5621
2584
9530
3786
9519
9920
7826
3255
9143
7003
3793
5252
4296
5880
8892
263
2824
3800
8544
1019
9518
1336
1340
9320
773
2360
4568
6474
7675
9694
650
4539
57
6411
6415
6334
1084
6709
8656
3802
3211
6639
1485
1997
5295
9977
8246
5924
5970
243
6747
3834
3835
7263
5083
1587
7723
3418
6727
3842
4126
1237
5798
7281
1404
3848
6222
5466
9406
3852
5192
3854
6051
8431
8475
5666
4943
9907
1945
5576
670
4881
5206
7180
2318
8393
3050
8861
1562
8118
1890
3874
5730
2028
2779
2177
5038
9552
8559
5972
359
6877
1193
881
446
3843
6182
8610
4239
1569
3893
4251
3895
3896
6018
2873
8558
3362
6758
2293
7695
5377
9397
9321
7455
3839
3140
7259
2477
3912
8664
3914
2192
3763
3917
3918
3124
5955
7626
8131
3923
8868
3019
4217
63
7236
3929
8000
451
8499
3933
7117
3093
6337
6530
3520
8405
1462
3334
950
980
3700
2000
1781
9532
6053
1329
6868
3951
4900
3953
272
5502
768
3957
4843
374
2678
3961
7819
2122
4768
67
764
4807
2094
629
2143
7341
4057
3973
2995
8533
3976
9025
8481
7920
1935
3576
3982
8157
3984
3300
508
1984
6807
260
6726
5045
5706
7170
3347
1528
3996
1309
2911
5897
4000
5149
6478
146
4464
3936
9588
2239
647
9883
2167
4534
2589
8511
4038
4015
7014
4017
9829
9300
4513
139
8283
4023
9097
4025
3194
2914
2976
4029
4030
999
4870
8347
5597
4035
1867
3661
4014
3646
4197
4041
6615
8543
3039
2885
1360
1697
3416
4049
8068
524
3586
3993
4054
4055
6295
9964
9848
2664
1970
3616
4062
4063
7246
9952
6101
8439
7599
800
402
5946
7001
3265
6373
3922
5141
9236
5685
4898
3696
3120
1977
4083
4084
3640
8613
9262
4088
3963
1668
1294
5115
4093
4435
2983
6335
4746
4153
1582
1400
4565
2785
2756
8242
9604
425
4107
5740
4206
6717
5800
7578
8232
3928
7611
3960
4117
4169
4119
493
1487
7293
6701
5173
4125
4257
1446
5263
2692
6545
9099
6405
6356
165
4384
4136
9935
9180
8840
8921
7753
4142
854
5867
3373
4146
3625
8244
6732
4150
4584
3184
3450
3474
6365
5322
5202
4558
2315
750
1033
6111
7399
968
2382
4166
8642
2645
2602
4170
1879
7349
2591
1503
4175
6251
8950
9245
7536
8256
1493
4182
355
1685
6760
4186
5832
7361
619
4140
7529
8219
7785
6457
5574
4214
3994
7932
2773
4200
3146
6224
2945
4204
4205
3147
2586
7081
5287
4210
8482
7178
3941
5957
7676
933
8866
7994
7674
6213
9135
4222
5106
4224
4225
9331
4808
3555
7754
8679
8536
5009
6795
4234
7552
2775
8827
809
3534
5669
4178
1257
743
4244
3016
3082
335
2612
9976
7742
8173
9181
7910
5585
9948
4518
1651
6858
4259
7761
9968
9958
5974
9186
4265
5742
2163
4046
2
615
6617
1765
8239
897
6274
6828
9130
5564
9645
4280
8569
630
1330
2730
3344
4147
3202
2481
82
9030
3610
409
4310
7590
9041
9070
8937
3133
8567
2437
95
4302
9867
9965
8193
4012
5569
9446
5984
9306
6283
3277
9910
8063
1004
4316
8521
8972
7369
2310
3602
929
7946
8406
4325
4326
1206
2857
1032
7272
3337
3066
3642
4334
4335
3274
6778
6084
4339
3329
7009
7108
3283
3585
4345
6738
7907
9251
2210
24
6921
6540
6966
4477
509
1739
4357
4358
4359
7944
4361
4362
4363
8274
1637
7235
422
5072
8700
8326
7544
3043
7146
3472
1450
8688
76
5857
4379
3355
6047
5779
6695
9240
1512
7112
9505
1025
9145
4390
1314
7820
3001
4394
645
4396
2224
8016
1923
4400
8776
6548
2092
5570
7832
4406
8824
3434
6048
7285
5410
6663
740
1254
9280
2528
1489
2047
6266
4420
4421
5365
1048
3177
4425
9283
9534
8485
6123
1513
1516
1496
5175
8472
5236
6406
8512
9220
7025
217
6968
7307
2466
7858
2871
9311
2461
7144
6626
8031
3181
3796
4067
7206
6691
4456
9990
7671
1282
4460
9802
4462
8918
1247
2448
5381
8883
3433
1789
2166
4540
796
2016
14
2153
2151
9574
2263
7804
1707
7150
5810
8519
4543
4485
5996
4487
4847
4671
2008
2956
1607
5345
2741
982
6683
8370
2943
6928
5493
6718
7484
4856
4894
3105
5909
5775
8535
6049
1097
1355
8743
5435
4514
3540
5394
9918
8766
2483
5408
4521
8109
6485
840
2590
8846
5637
8268
6653
8629
2379
3370
5280
8165
3361
8952
9205
3741
8900
7321
852
7325
7057
2739
4545
4546
7734
3758
8608
4950
7597
9699
4553
4554
8123
7209
671
4077
4473
4690
8078
2294
9000
9364
6723
4149
6804
9755
4569
5488
6301
853
6460
6186
4576
1135
4577
7859
7042
6219
3650
3436
4583
3456
4585
1942
7230
4588
1573
9953
3377
598
4512
4242
2277
3925
251
2661
7816
717
5507
4602
7982
7392
3123
2806
3567
2023
679
9647
5817
1303
1458
7227
5790
1716
3468
4596
4619
8815
7296
7208
8111
6797
6046
8412
437
8459
6169
8266
9040
8517
4750
6559
4635
6873
2609
1865
4639
1482
4641
5475
4162
6697
2623
5063
4996
7262
2432
9024
4651
489
4653
8798
2387
279
4657
5191
3381
745
1227
3536
8461
4977
5404
7882
9093
4500
1230
6903
3119
8161
6288
4674
1454
1264
8808
1001
4863
4680
9539
4908
9854
6243
1305
8494
4352
4688
4689
1885
9164
4692
5836
4694
4695
5723
7141
6706
8087
8160
6827
3419
1075
2600
9490
4632
4966
4422
1428
8647
1740
6424
4566
3908
7713
6662
4717
6574
5021
4720
4721
4470
2492
420
9598
4319
6170
3030
453
9767
4731
2118
4733
4871
4735
2363
1386
1172
6613
5821
9167
4865
1536
4385
4932
2060
782
4811
5054
8623
5462
4403
7096
6735
5958
7077
4846
1574
2606
342
2900
1095
1057
2284
2533
1422
8025
9459
3968
9741
4771
2134
6271
5823
4775
6390
370
1641
7413
5326
2374
4637
3040
2470
5426
4786
8033
8192
9822
2485
6198
8194
4815
5286
8628
9261
2724
4304
5152
8561
4801
6508
2125
6935
4247
6563
9982
6429
4809
4715
6260
3304
3913
7924
607
8356
2550
4956
6357
7467
865
8745
4823
8403
4825
3396
3781
7579
1692
4830
9075
4832
1603
4536
6449
6063
4837
4838
1822
8506
8672
4842
4262
5290
6768
2337
3069
1119
9391
7040
6509
3544
4297
7125
6431
8328
8440
5103
9383
265
1823
6136
604
4864
8923
9343
9458
9042
2766
2097
9176
7935
4873
4874
8200
3713
4877
2278
4879
5084
7044
4882
7241
5881
7719
6388
1427
9450
1109
9269
8940
3121
770
8444
6973
1980
304
3250
6803
3144
7521
4902
8114
5405
5301
5234
5114
3062
4215
3428
1045
3054
838
8372
2038
7757
4917
4918
8354
4431
641
2468
8396
1325
9763
5257
9986
4928
4929
7878
1950
4745
8072
3481
3849
2096
96
4938
4268
7078
5101
3888
9619
6396
4945
1005
4947
3397
2597
8060
8133
6329
4953
4954
9591
142
4755
3256
5135
8463
1118
2013
2933
7181
2686
2388
8076
8095
5916
8797
7640
7960
6042
9346
9758
6221
8807
2499
4
5296
1983
4982
8117
7439
4985
4986
7689
3648
8701
4990
4991
3774
7883
924
732
4058
222
8936
3315
2774
42
7312
5003
6824
2173
8938
5007
5008
7106
5793
5011
4613
7214
7575
5784
2107
7607
5018
1897
2874
7778
3226
6721
8257
5025
2572
5027
4930
5208
9738
1598
5601
2393
7266
5035
875
1403
1719
4729
3222
760
6619
1723
5325
3089
8321
5625
7447
4796
2090
5074
5052
8082
3246
3188
5056
5057
2145
6886
3584
7928
5062
4738
3970
7075
9083
4399
298
3356
9401
8478
1502
5096
2422
3449
3131
8473
7120
2232
5080
464
6428
7304
5547
8335
9072
5533
8215
1738
8895
6833
4141
3989
1553
2054
2240
8955
5098
8281
2772
7823
2936
8633
6000
8126
2255
961
5979
2012
1900
7166
6995
9815
9527
1578
5078
1293
9389
5119
5120
8684
4630
8134
23
3493
5126
1310
8580
1584
7448
538
9701
2530
5134
7991
1640
4979
2449
443
4099
376
5142
3932
6377
2361
9631
6126
6439
7414
6660
5151
5841
8848
2782
6175
5156
5157
7336
5386
8030
3992
7940
7404
8831
695
5882
6197
1062
5169
2979
5171
4401
9419
858
3503
77
4570
2733
5179
6719
4293
9360
5232
1695
1014
7240
5117
2291
5189
6986
4658
3853
8812
5824
6572
6781
6395
2295
5199
5799
5201
7942
3735
7362
8898
8282
6319
9653
205
589
9611
8280
1701
5214
5215
2419
2628
5218
1008
7798
6135
4612
1770
5224
3107
7460
4831
5228
9314
5230
6905
7730
6582
9018
5473
5354
5397
8438
4454
2076
1804
7789
2660
7722
8971
1590
5247
5248
7973
6072
49
3974
5920
6031
3399
744
4287
9092
5259
1357
6342
5936
6070
855
9154
7872
5267
4298
1090
9434
6153
8703
2027
1595
3641
9543
8061
4026
2084
129
7383
9577
7854
8057
5285
4604
884
4749
8854
6654
340
1408
576
5294
1425
9618
5511
880
8382
6907
3018
5302
5303
7032
5305
909
5307
8366
6445
5310
8317
2325
5111
5850
5315
7411
5317
8050
9863
7406
6677
9119
1324
1300
8139
775
107
5380
5329
9373
9891
4757
8172
8572
4376
97
8294
213
5324
6922
5289
6393
6241
4785
9272
6298
8693
8435
965
3707
5371
9662
91
4652
8308
1965
7250
4276
5359
3706
5361
5398
8636
9805
781
5366
9129
7456
5620
1772
2031
7871
6816
2742
2683
2689
2941
709
1472
9980
2095
899
4258
5632
7188
1353
6628
5736
2158
6902
3675
2463
6546
8013
6880
228
5395
5845
4299
2561
5401
5402
6029
4665
2624
1870
4855
7894
5409
4151
6327
748
3899
8659
1878
7996
995
9163
9044
9356
3365
9142
8069
7273
5425
4024
1258
6716
1745
5430
9020
7856
9369
7728
3682
5436
4060
7684
9403
5147
5441
8780
5210
6970
3458
7027
5480
9007
3480
6564
7494
5452
141
2553
5455
4547
1093
5458
5457
6913
9765
1141
5379
7357
1478
4769
9782
7712
1606
4096
992
5472
3402
5806
1538
8310
4958
9005
6636
8685
6650
8752
1069
3832
9748
7276
5047
2999
8791
4824
1777
2453
5844
1190
5495
9486
5497
8988
119
5500
7052
3995
4122
5504
8804
6724
5966
7697
6588
3476
3879
350
2877
3654
3167
5516
5756
1720
5519
440
3559
338
6459
4269
2281
2909
5527
7066
7480
8245
5531
3799
401
7100
3306
6234
5758
5026
720
1468
1266
2875
5543
6597
5017
5258
4537
3717
8778
5550
2324
3924
3011
5554
1368
5556
5387
5558
9582
4589
1504
1473
7912
5610
4906
588
5973
3338
3207
969
1375
6496
5787
6345
5575
3862
2403
8648
4453
9088
6916
9554
5759
7852
1043
9202
2656
2311
6300
1224
1961
5592
7308
5805
5595
414
9159
9776
5871
7929
9632
1089
135
5886
8465
7493
3564
6710
8978
3029
8186
5612
3997
2305
1015
5036
6766
2699
5619
595
7084
473
9438
2458
9489
8048
9685
5628
777
270
1886
5250
5633
6498
6275
5636
7343
4111
9930
6387
9344
4238
8464
2838
6529
2635
8255
4609
2413
5650
278
7970
5653
9690
682
7893
5657
5658
6116
3662
179
6522
7175
6328
4377
1986
6368
6294
4022
5670
8098
1556
5673
381
7658
6095
7054
9535
3821
6605
3333
8388
6881
8834
1798
4921
7105
39
267
5690
3703
8289
4941
3102
8407
1588
5697
9734
728
9456
4920
6131
3530
1566
731
4799
4535
2716
5237
5275
9923
1067
5524
4498
3156
5491
9455
8500
8951
5071
4074
5099
234
2693
4165
5726
2850
3175
5729
9680
4036
3592
5733
5734
7356
5388
7115
4444
8687
7379
2581
6263
4707
5788
118
7984
1143
8877
1558
9556
6566
5752
4915
8897
8020
2235
5757
3288
2320
8705
5761
1915
2222
8524
276
5766
9104
7113
4306
5770
9846
2051
5459
5774
1963
2975
5777
7277
2091
7401
2137
4859
3685
9368
5298
3983
2949
7488
5240
1554
7824
5420
7752
4964
9790
5796
1600
2029
5919
9544
5801
996
5246
6731
3394
9901
9155
7061
9810
7557
5811
1653
7305
7782
3739
617
2955
4493
2978
6299
9449
6665
2781
1979
5825
5826
7584
771
5180
643
3937
1693
1387
4875
2050
8665
3911
5838
4426
3947
1673
9791
497
2912
2622
9723
7295
549
6618
1181
5851
6009
7945
212
5855
9512
5464
486
1288
3278
40
7459
2723
8014
8497
8788
2639
5868
6264
6239
8948
5461
6479
2920
5875
1605
5877
849
6120
986
7571
5166
5260
5683
4486
1645
5887
5351
5889
6497
9908
9676
7710
5950
5520
5896
4897
8059
4267
4408
5901
785
5105
8783
3670
766
5907
649
898
5016
5615
466
2314
9761
2345
4903
5917
5291
4880
676
7185
3671
4926
8174
8555
5926
4710
8486
1583
2317
109
502
6640
3470
5935
7733
7766
4795
5939
3531
5941
6289
1520
101
3099
2105
290
1679
7010
9204
3422
51
1009
5954
8398
5956
4196
9039
1137
5432
3130
3733
6242
5964
5965
6865
3482
2890
5022
1966
1467
4007
403
7420
9421
2694
6381
6547
1889
9089
3407
6667
4502
2616
8982
8919
8796
904
2183
3907
5991
850
5993
5994
2410
5094
9733
6375
98
736
1681
7918
9275
3870
7380
7226
7462
8644
8487
1397
9674
6270
3651
6551
4691
4503
817
1290
1784
4756
5353
2518
2677
843
7501
60
5818
47
4270
3118
9996
2128
2157
1380
6278
2812
9453
1379
9254
1079
3441
9470
1249
2231
7446
568
328
6863
7863
4984
6730
1363
9573
7092
5932
9123
8453
295
9744
5085
6451
5429
6943
6557
5190
2529
4250
7718
7574
2872
7686
4747
3182
3867
5872
925
2083
1188
5279
5674
7585
4277
5672
916
1058
1589
6734
6852
9991
3940
5417
5042
6412
9641
415
1350
2543
8855
5274
1006
8299
7968
6399
1225
3687
1381
3764
6686
7500
9043
6823
3615
9482
1907
2865
5922
4252
9673
2026
7160
7558
5046
8977
1758
4714
7360
8345
1814
2066
46
5479
1555
491
9799
5931
5829
5665
514
6607
4073
6444
4782
218
7377
1594
1280
6953
7534
2186
75
9108
4347
5428
9675
8565
2037
7063
9125
5278
3318
9658
3457
7237
3309
4758
7468
581
5746
1238
320
7516
7382
9417
7158
4235
3889
9191
8909
6544
5242
3690
3701
8083
1322
8226
6589
5450
540
294
1825
2247
6232
504
9250
6864
2947
503
7280
5155
3201
4603
6137
8128
6550
43
6784
4634
9027
9440
3064
3858
9770
4718
6567
791
182
6513
3722
9731
482
900
7596
7127
9970
1271
3387
6951
9452
1154
5122
3495
9652
517
5330
7880
5648
80
536
7853
1669
4482
6761
7525
5704
4354
3620
8509
1213
755
3985
7740
2341
7004
9773
2919
8689
9109
7217
1947
3298
264
4590
6910
7586
3921
4645
3680
7242
3857
413
8858
1002
5140
6938
2712
4199
6776
6398
8865
175
1790
5785
8096
7564
9028
4076
972
7727
7162
4963
9010
9487
1100
4693
6967
7020
9416
9046
6071
8414
8872
7868
5584
4338
9937
5033
1226
9429
4303
2296
6284
9819
5822
8099
911
6812
8591
1643
6826
6097
9340
3242
708
9624
9178
8670
6964
231
2814
6194
3838
2495
6010
5463
9946
5124
5709
8626
1086
2546
5040
5112
5773
2605
3757
2465
9679
2516
3497
9793
5616
8697
6067
5947
7972
4011
4312
225
202
9837
2459
4759
2579
1252
5559
2077
4243
2476
6306
2032
4741
305
9828
3073
5967
1655
7376
9590
2405
8071
9439
4765
6228
3634
6339
6273
4944
9483
7744
6159
8676
9871
2205
7834
7885
6830
8539
3765
2901
7650
4580
8492
3382
5216
9471
2834
8624
7593
4378
1687
2791
2601
2948
6831
5835
9381
1098
3179
3647
9768
3205
9514
1665
7934
3702
6811
2504
7288
3688
1480
6359
3855
3659
7867
1012
5137
7464
9803
1544
2688
1539
6210
9348
4068
9617
952
5696
9638
9352
1207
8738
3656
9742
9127
4282
7750
388
5384
4097
9825
9302
9558
8154
8925
625
8911
3927
5848
2743
8863
3023
8430
5748
9740
905
9012
7466
1104
4648
8645
7709
8290
7889
7012
7269
6098
873
8201
9874
5170
3498
8277
6121
4230
9009
6538
1883
3301
683
5659
1477
4878
5264
9587
7201
7247
2962
1158
5587
7358
8355
9537
2632
2402
9347
7095
7073
2058
746
238
6235
5869
3003
4436
8024
8409
4687
9288
2022
4914
3965
3401
5678
441
6578
8285
153
6355
90
8151
2960
9499
6305
475
3892
4934
3872
8976
3563
5713
9117
170
2634
6890
6798
9934
9165
9629
4416
3095
1666
4419
8736
5372
8996
9436
7435
9235
1622
9279
8218
4161
4309
9084
7254
7955
6634
6142
2330
492
1706
8404
8794
7831
6606
1234
3489
7900
9498
1796
9745
6081
1856
2417
4889
6889
4457
868
7773
5431
1708
9387
5092
6936
2343
1888
2849
1
9146
901
9249
3660
7320
721
8483
1216
4374
605
6310
4967
9885
6960
7911
919
9974
7623
994
318
565
8058
9157
9787
8718
7887
2438
8443
112
7653
7855
5367
5546
5368
1650
9915
9134
4190
2801
337
4685
861
6362
2415
5471
8447
934
6376
9298
7310
2335
513
5983
8166
4629
2364
7979
3155
6624
955
7508
2059
6168
8715
9071
3588
6611
3091
2997
1994
214
2285
8449
8653
117
3818
3252
5937
6999
2462
5874
9423
9032
5715
9780
7192
1829
6818
8132
2837
3753
9467
3282
6652
7284
9196
9105
8236
8879
5971
6484
816
7473
8625
5797
6649
1236
99
103
7330
5174
4559
3372
9319
5686
6124
6314
5828
8668
1571
8067
5347
6341
4667
2809
6698
4139
7228
2631
2114
3031
3125
385
8250
4515
1850
3046
4127
8206
7444
7845
5795
7707
6438
5399
8247
3316
9743
7245
8357
7386
9312
1160
7481
2135
7825
6119
4064
2136
8237
9287
4835
5233
180
5677
8491
9599
9427
9014
3100
36
940
1840
6990
5816
4601
6129
1241
6012
6425
7817
9267
8564
8004
8632
7635
6127
935
9341
719
9756
6937
2439
2721
9905
3364
6195
8501
7164
7879
4324
7736
6693
196
4271
9371
7556
7332
9827
7923
1026
8913
1959
1572
7808
1621
5414
3097
7715
2228
9050
9606
5204
7174
6565
7244
6801
8410
6104
331
3380
4659
9052
1470
7966
6621
1268
3601
4051
7088
957
9921
9414
7938
4556
7248
9463
1616
6596
3477
2338
3637
4135
6020
6205
3245
3216
8769
8720
48
7048
7790
7735
7835
2925
4646
8576
1475
343
6023
6238
5611
9648
8579
1393
7458
5172
1243
866
927
8944
9100
2859
9162
2508
8205
1285
7179
1414
5596
5306
1852
7138
9876
8669
8885
367
69
5608
1059
1260
9315
7638
8728
2673
8243
3762
6503
5794
9947
6437
6584
8771
4278
3783
5509
8907
8182
7022
9257
4317
3173
8757
4524
221
646
2236
2784
8508
9247
7275
7672
1116
9845
6358
5445
2176
4078
3351
8985
3614
1354
2099
8583
3770
2451
1161
1902
4091
1686
8022
6185
346
7602
8849
314
4496
9476
4640
7698
1221
9339
6426
301
7381
520
3145
3652
470
6763
8886
1978
8680
6974
2353
3137
5589
2525
2392
6571
6746
7410
8563
3047
6422
1925
1715
7866
1755
8064
6037
6463
8704
7762
9951
4980
7662
2017
7665
3328
738
2455
2104
8420
4599
3859
7791
1843
8602
3679
7148
3725
161
3597
3850
4402
8313
8838
7354
1999
7351
8027
9323
5382
8935
3439
4818
9293
2715
4329
2593
4318
3012
9511
4628
7749
9054
3013
507
9993
9785
9820
727
5340
9909
8674
8707
4884
3106
2423
6150
640
6206
9796
392
1198
7212
4249
9994
9834
456
9566
8344
9528
1559
2179
8235
4662
9115
2655
9671
8152
3157
6743
5356
1868
9944
8753
7443
2566
8888
33
689
8682
6076
9304
2340
363
7097
9077
7965
5963
938
3236
9171
632
885
2020
7864
4948
4021
8712
6883
8615
7701
1948
3141
5578
3127
7916
9721
6575
3028
7632
9031
115
6664
8264
9894
6036
4286
8079
3327
8862
4868
8107
2018
6196
9058
2301
1680
9121
1139
3780
3420
4805
5548
8476
6523
6344
4307
3884
4494
193
2010
8821
1319
7123
4330
2329
8238
2574
9666
5895
3831
4113
9841
7732
3425
3830
6754
2081
5127
2913
6016
2129
3312
7898
1219
867
8874
6944
7428
9492
953
636
1633
7956
5482
1200
6805
4389
319
6745
8880
5138
5525
7015
1010
2905
447
6432
8156
4131
8826
6025
3
3885
4887
4704
127
7409
2386
2744
9656
4455
9357
4594
9698
72
5813
6859
9663
9565
6176
4042
1670
1390
8179
6998
3068
2523
7669
5884
4852
8518
3414
1793
9354
3824
662
1849
147
9004
7538
9187
9678
396
7154
8939
4009
1342
2583
593
2531
2312
8603
4773
2993
6203
4133
974
2986
6254
8495
6992
1445
1394
5906
769
2371
6908
2807
7537
1832
4383
1567
3002
7198
7497
6102
9253
2336
4167
5515
8983
2880
4829
450
1522
6924
7047
6536
6681
1383
7457
2389
8828
3972
5783
7888
3930
7289
4763
7483
2847
3969
9038
5980
9469
2332
5437
600
4527
7370
4414
6658
3239
6303
8488
9299
548
1402
4885
7424
9192
9495
2425
9602
4530
7587
5512
5220
8621
694
3693
2043
1245
8588
7964
6080
1076
7189
7193
6659
667
1208
3668
7639
932
1228
4109
2759
8844
551
500
3210
6700
5651
2587
6030
4328
3801
7426
6853
7890
1736
2420
2506
8029
2794
4236
8965
5679
3033
6737
2275
7091
5153
1877
6714
7905
7034
5913
8297
8973
2243
1943
1642
7056
8441
3413
6933
9151
9292
9432
3004
7694
3605
7843
5253
8516
9437
4827
7119
3808
344
2161
6193
8932
5219
8343
4696
7016
2906
2259
5599
7781
4813
2266
8477
7347
262
1982
1344
9850
211
1880
3751
5708
5671
7172
5532
6711
3611
2046
7453
2467
6912
5591
3768
9211
3275
4283
1481
5738
8744
1099
8987
6371
3875
3822
7869
4163
4254
701
474
7136
2034
3224
2219
269
1284
3261
6015
8551
9979
9620
6878
1926
2121
1630
8051
9875
6464
4047
9310
7195
6581
7094
463
9213
4177
3203
348
9413
4660
9621
6620
237
5332
79
5567
6753
5992
2160
9231
9409
7631
6604
5538
5446
9502
8957
3430
2789
9789
5110
7851
1599
6307
5499
5602
5760
2073
1951
2998
9428
8415
4549
1638
8177
178
5032
8600
8992
116
7157
6501
1156
9904
5272
2697
1631
1602
1265
3251
4028
4940
5265
8947
8504
9295
8742
6326
7609
5535
8582
4392
9853
8137
792
7482
3499
7673
4351
7139
7287
978
1929
534
4194
3240
6669
4828
6366
1356
6682
1754
6458
1689
5229
3754
2062
6923
6715
6156
6705
8458
4156
4472
7375
9229
8542
9218
5342
7919
9778
1995
3352
3509
1166
1612
2390
6809
6330
6552
4221
2002
7388
7963
6646
3697
6311
9906
2209
6117
219
1785
749
6632
1998
3271
7743
9442
6499
8262
2981
2670
9266
6162
1795
8467
6940
3435
6643
4617
4075
5899
4724
268
515
1024
191
4587
6586
5528
3324
7177
8269
6773
5193
9107
9886
7449
7323
3263
5028
4726
3074
1391
7017
6146
8349
5644
5077
8768
6134
6166
469
9488
7000
2595
4294
6109
7454
9068
8032
9338
9430
877
2055
5416
4089
6553
2974
8557
3108
150
6675
2454
7300
6800
5369
8401
7291
2967
316
5481
1580
9637
9175
7378
8253
4114
9722
9447
6304
3319
9814
9404
7959
6489
8709
3192
7319
5722
6190
7875
3782
8428
6141
2070
7922
9462
9124
4052
8984
149
6056
6272
4931
1111
8671
5164
9987
7509
1060
1302
8746
4654
2560
1113
4777
2648
7400
9777
7506
9435
9078
1808
1620
1821
4407
3649
8902
960
7760
4703
8802
3820
384
7576
9017
1220
6461
8120
9975
378
5928
2377
2164
1102
6215
8110
5400
3078
2532
5444
8426
5197
7656
6900
1768
2691
4103
3454
9322
9507
6524
8852
8073
373
9807
8990
1859
5638
6409
8949
9268
8833
8599
89
8540
8309
8737
2175
4935
88
3115
8727
1195
3999
511
6750
8514
394
203
2740
7939
2126
4616
9491
3715
622
1550
2551
3549
6926
5160
44
5508
3374
4661
3573
8127
3710
4655
6456
3151
3269
6184
1657
7317
8006
467
9938
6402
6028
2627
3705
8765
5902
3081
7072
652
4520
2621
2273
7060
9655
4636
5545
660
7442
9138
9144
2001
8005
1479
8870
6729
7523
5391
5076
8286
7813
4442
5894
8894
8657
2214
8702
9697
2916
1613
8549
3442
7976
9227
8293
7746
9550
9726
4300
285
284
7541
3734
8228
3415
404
7756
7526
3257
9600
9878
3809
1144
8775
4711
5854
8607
3760
2687
8008
669
7569
1334
4491
215
3815
7943
9126
3817
5089
2011
1298
2659
7941
1279
4820
7725
700
5724
2771
7592
5244
7182
4531
3568
8143
9667
753
3920
7013
1576
2253
6610
2447
4106
5702
9147
5313
3666
5318
1744
2813
547
8429
9657
7163
9243
3335
9672
2260
1629
457
987
6631
2719
8159
3691
9307
8378
9402
5624
6843
5623
5178
7418
3901
9862
9941
8594
6592
5001
7079
3755
1053
9709
4295
6112
5745
4848
1420
8871
6094
7582
1557
3998
2932
1757
8436
8144
9317
3524
5136
9766
5065
9226
1132
1358
6382
8385
5694
3171
6384
8136
6884
362
4936
2777
7886
8779
9868
3871
2940
5323
6991
1861
7306
6947
5720
9328
8836
3590
9351
5995
1815
3259
2599
3903
1201
5865
4797
4006
3655
7622
7167
539
8928
692
1231
9169
5808
2738
8364
8774
6949
7474
7045
1749
7051
9094
9358
6722
5571
257
526
5982
9601
9882
5271
8039
4854
9858
8597
6191
4314
6421
522
9593
5419
6430
9538
9691
9769
2156
5407
6144
6259
9465
2334
575
8589
6972
6685
5006
151
7729
6515
9063
5439
7765
8683
1833
8221
5211
528
3289
9687
1968
9614
9702
5254
5654
9290
8995
8713
7634
1469
3060
53
8208
5646
6360
8342
9103
6088
7693
242
1702
6799
8077
9708
4092
6151
9242
138
6325
5378
9707
1376
2878
8550
8100
9902
3612
5765
7837
1920
5406
5583
4255
2729
9798
5699
6417
7860
6769
3556
8284
2897
8770
8225
8887
6077
9575
7690
1244
7441
9303
6587
4705
8724
8054
8470
6954
2292
9503
8993
8811
8929
7071
7515
3784
1145
4960
8989
9101
4289
4001
2328
7619
6466
187
9610
480
6019
8660
6353
8729
7720
1215
9475
5929
5719
3542
4817
4181
5953
2747
9199
1167
7652
8595
4916
8337
8011
6914
8240
7951
942
1168
5090
5198
8789
8251
1662
8122
5460
3730
5873
9431
9158
1419
9479
8847
2654
2964
2354
7967
5448
7238
2502
6608
7633
7333
9813
7680
9583
7679
5566
2982
6595
1508
8920
194
6555
8163
9628
7033
6404
501
9395
9394
2629
4779
8763
7649
5600
3340
1028
3218
9596
1841
3619
6332
6034
6369
2562
7708
8515
7641
6167
970
9334
2961
3213
4995
8198
8044
529
8927
2106
7957
9779
3410
4288
1891
6433
8291
6909
1782
8662
1326
5890
1153
5449
9415
8851
3804
8959
9914
2464
606
7352
9086
9973
1348
3665
6302
7102
5682
7434
4495
6629
4223
793
6689
2469
9625
4393
3810
7551
312
1939
8124
2493
9750
3083
5014
7194
6988
7118
6755
1377
6403
7342
2650
3299
7559
9367
2918
8667
7268
3085
9248
4438
9036
3797
8324
8103
2522
7231
6392
2398
6482
2642
1052
8943
2003
64
7199
9661
5185
4285
7936
4573
9366
6410
4712
9646
6110
5319
772
8199
7438
3887
1541
7949
2064
6894
7849
5885
5058
9650
428
3221
8568
4922
5320
7257
871
3385
8434
2110
9857
5603
4582
4649
3076
2162
29
3166
3525
7806
7155
2428
3189
6453
3828
9643
3902
9880
195
391
8358
7685
3709
7616
2155
6268
808
2972
541
6696
7814
3494
7595
3009
9016
4992
7530
7657
739
1068
5422
7429
2866
6013
459
7682
6842
9386
4137
5364
2907
2322
8882
4836
6250
4409
6919
3538
7292
2039
9933
6673
3926
6525
399
7624
714
3281
9372
9644
496
6562
8931
8801
7605
6022
587
9451
3617
4467
8399
2426
2380
7896
6093
5088
5476
9603
6282
1563
1463
5051
9942
6059
1807
5261
1179
6187
673
7387
6103
9831
220
7594
7531
6527
380
7899
9448
9939
1534
2819
5560
7232
8400
6041
7739
5146
8304
7659
7145
8322
2065
209
8092
5363
7763
8592
8901
5912
2456
4501
1434
5667
948
433
4772
3243
675
8537
8145
1586
5415
7667
4434
7252
250
9474
8759
6598
9681
8170
2594
5904
9223
8756
6920
3577
1304
1718
1760
6535
5997
7021
6107
1846
8390
3756
8963
6436
6443
1732
9670
2820
1764
7134
9526
1517
85
8258
1129
3231
3720
5183
8021
1476
4767
1610
2108
779
9355
5451
857
6471
9569
7884
169
7629
3840
7914
7363
3777
3453
5553
7270
3044
8140
4716
9510
6655
4203
634
5161
2701
5299
3837
6820
3440
4748
6427
7950
2505
8332
9983
1124
8147
518
6050
8080
1274
1442
7490
7346
9752
8360
8267
1066
74
9546
8365
4216
7224
1714
7702
8767
2103
6846
9216
9219
752
45
2274
4459
9739
6391
2431
8362
7049
5630
6105
2510
9524
2501
3716
3367
9830
4891
7384
3537
1333
8424
6309
5227
9989
3934
4475
2935
9195
2776
5529
6145
642
651
3643
2053
3320
8891
6788
2304
8609
653
583
8091
8554
7372
6374
8698
8666
8845
4081
6106
7692
2348
7987
9688
7546
3790
4978
7290
8422
2887
8777
408
5933
1041
7364
9023
3463
3138
9585
4322
824
9660
8272
8749
1203
6874
6231
6200
9329
656
9861
8934
8189
3445
3384
1769
5876
4522
7902
5059
573
9797
3747
1374
9296
913
7608
7171
8062
6408
2484
5676
2796
1096
4433
9418
6521
7142
6312
6987
7926
176
8361
8970
521
435
4220
8793
5642
3639
1684
2695
3159
8367
7416
1436
3086
102
8741
7913
1524
4079
9917
658
8102
3726
5376
432
734
4972
5107
991
2646
1335
8875
13
6504
9049
8040
1435
8490
3952
6836
9365
4618
5652
9090
7706
6350
3565
9182
1774
2980
8916
7983
2970
2109
3543
5842
2182
8639
4002
2793
236
9988
2133
543
7253
7747
6708
2252
1085
3833
2534
8411
3020
4578
245
201
6744
7129
815
9559
9273
9784
5314
9879
4032
4274
3053
6976
699
8287
3187
6866
7618
2882
2783
7318
186
1205
762
1741
2082
7981
841
8423
3873
6533
9580
2758
5165
6450
6785
4228
2578
7974
3748
4700
8795
5205
690
3294
3150
4366
113
2339
828
7565
6931
6040
1056
7403
1385
3500
7958
1816
2749
3326
7121
8233
6512
25
2902
3006
8034
8714
6502
608
1828
2511
2474
3215
6958
9817
6962
2287
4488
3241
6742
9064
4284
5468
7255
9460
1082
8427
143
5552
7396
6570
1246
4528
8717
4371
3253
9237
4439
292
4965
2100
9398
9969
6475
6323
3200
9500
7249
1433
2313
567
7839
5513
9286
6386
6400
1619
9210
4644
6635
2366
3844
2400
3132
1430
5349
945
9193
4504
8049
9794
8045
3746
8373
5268
1671
8979
4423
4211
4548
9067
5358
6468
3744
5536
8391
8958
9772
7080
1495
6573
8505
4893
889
2203
4682
5622
9520
2831
9849
6075
5102
8300
5373
7101
4624
2112
1027
6791
7385
2861
2720
3883
3311
4794
6925
4445
2856
6269
3366
9729
16
6199
6154
7229
6616
5262
6486
8052
7475
7953
8562
9536
894
1389
5751
5975
5705
339
7471
3856
8622
7600
2554
6752
9548
4340
2349
8631
835
7394
9098
4489
261
7539
7848
6165
7988
8822
275
1876
2787
5097
5918
3724
1101
9711
1128
5914
4962
571
2479
9189
7233
9557
8825
8650
3228
9818
8692
4168
8733
4592
822
4044
7274
7371
4100
2089
8560
3357
6032
410
8017
8781
6633
5586
5858
5132
207
6887
6279
2272
2257
5579
7992
4428
4610
7947
1370
1763
6775
964
354
5336
7796
7477
4752
4370
931
154
6065
445
9759
7035
2708
341
9541
4533
4642
4437
6782
9207
3772
8627
2665
3295
2396
5055
4684
9753
5131
210
4381
9605
3915
4348
3375
353
8716
9877
8637
7603
172
6258
5050
9560
2401
6690
761
8658
9668
7329
1292
5985
8962
2057
9374
8437
6006
4291
5256
594
8586
1406
1639
7303
9095
4994
2344
2640
6367
1103
4469
4066
226
6227
811
4968
9783
6469
5707
7648
9173
3552
9924
8706
3909
6089
9888
9581
8202
3510
7197
8108
7927
3056
8259
9961
9931
6099
7769
6096
3170
3473
1913
2965
9692
2651
361
3846
9327
5675
7660
7200
4774
5004
6772
6055
5549
6296
5762
902
6066
2254
6625
9824
7901
3938
2527
8843
132
6641
477
9136
2005
6419
8800
6246
1750
9724
2555
9971
7326
7724
915
5145
4969
8452
2270
3794
1802
8320
5698
1811
8350
4446
9613
5207
9263
4508
2604
5249
8010
7993
6277
8046
6794
6762
8649
4045
4650
9715
8195
7645
1262
70
6854
7812
6292
1683
3017
5269
8678
9508
5741
9059
9174
4213
2922
3446
3788
1661
7655
2202
5830
4519
6899
5113
5357
6035
31
3343
9616
9821
5002
2120
1417
6492
8922
7876
6192
3704
8910
7909
4614
7487
7098
3589
41
6792
4845
9612
5128
1532
6819
131
4112
59
7153
6441
7527
4946
7408
9642
2014
6414
9353
104
2399
9021
6569
2886
2519
1183
5411
8510
19
8279
9843
4529
3363
6790
3674
1011
8037
5505
4562
1866
1346
7572
6720
9594
3959
8643
9252
7737
4664
1940
688
6856
5718
7186
4622
7601
4355
3955
7925
2383
2630
8101
5870
6838
5328
1742
2682
2241
9230
4793
8853
9506
3533
6511
1239
2869
9140
2248
8711
631
832
7862
4739
7165
9271
7758
5116
9869
6532
8528
3103
7999
3878
8369
6861
1515
277
5316
9896
7472
6157
5846
7028
9792
3412
7721
7802
4087
9595
6476
2710
3766
5485
4981
7877
4034
2944
5203
8661
3008
1031
7492
7745
8104
9622
1088
7210
1766
1787
4237
7857
6657
6347
7841
4253
8180
1842
2193
8471
9289
9760
4955
3505
3183
3904
9720
2494
6906
4218
4405
4766
1625
2992
1792
2904
9385
9461
9927
1954
2045
2700
3383
7423
830
9183
5496
9578
9693
9562
9184
9051
4627
7133
199
7350
8288
7654
6171
958
1308
6473
8113
7440
4754
5639
424
4591
8318
4260
2663
240
4159
3653
9561
7768
8066
8956
5768
8306
1894
4606
4098
330
9957
271
5053
8433
6932
8809
7031
7339
8964
468
4669
227
626
6542
364
4468
430
5661
5143
6612
4290
9545
8546
3718
9609
1343
2440
836
8772
9265
6872
9410
1222
4910
3847
6888
6349
8278
9232
9473
230
2638
4686
6767
8530
5087
1081
9899
7906
1410
3743
311
111
4233
5864
1134
5663
7921
9705
4364
8545
5187
6638
6257
7465
863
6672
5393
3964
5438
5641
2372
7503
6783
478
9425
8604
7059
5
3721
8176
6317
7083
5335
1834
2021
4201
2842
6882
6217
4677
5780
9966
860
8731
4905
2139
1776
3368
8784
1690
1694
8314
4069
574
1949
9336
5998
6172
6585
1806
5923
2937
8450
8374
6740
7844
6435
559
9466
7082
9080
6577
6087
9682
1863
2754
7211
6108
7176
3292
8105
9212
7793
8149
7705
8088
2194
7099
6961
9757
9349
7821
3180
9900
5034
8164
5725
8654
8850
9342
5605
297
6614
3825
7577
2860
9361
2197
9884
6600
6001
6252
1018
2297
6539
2132
8652
9589
6813
2357
3694
1347
4346
2828
2362
6981
7903
472
5343
7395
8696
9887
3596
2258
9571
6139
6261
5082
2647
6152
2267
1799
3749
2570
200
9967
5158
3791
9485
1413
5308
3562
9420
6651
3988
3232
9221
7452
62
6644
1359
9727
5689
8690
5129
988
9297
7093
8881
4478
8816
2230
1748
1934
244
9703
8276
2951
7795
4481
7833
6293
7085
3507
8786
9200
4909
1751
1044
3036
9936
5238
7614
5831
8462
8148
189
3750
5627
8730
405
7666
465
6580
9260
9152
3330
6911
7625
5297
8912
4806
8681
4065
6510
733
7055
4226
159
3313
6333
6483
802
3135
216
8790
2652
510
826
5043
4368
6074
7299
2044
1498
5776
6694
7451
8734
8593
8097
8587
3139
5225
6024
9521
8612
4701
7519
8445
2928
8832
6642
8534
6671
6892
7135
2124
2244
6957
2544
5656
9551
8169
7463
7039
9584
9278
9665
2216
124
8837
6978
8552
2443
6118
5081
1862
6477
8012
7615
7030
7513
9860
6531
7168
6164
8456
4761
5786
6007
616
9201
4762
7714
686
8086
9244
5668
7479
788
6291
7069
8216
8864
2881
4883
6630
1908
3931
9978
1511
92
229
5878
6556
2347
1138
2150
3336
5167
7365
8480
4952
9608
7794
4834
8638
2607
4121
3845
6209
9379
3038
3341
6561
8018
2737
7647
9161
8616
7316
7070
4353
8167
6340
951
7774
7797
6599
6078
7630
5339
7419
4781
6707
8803
7937
1214
7421
9493
1735
5484
7359
5891
4625
9504
1975
6343
8375
6901
9001
6322
7018
4812
1155
8384
4555
164
7738
5755
8028
133
5309
6825
7156
7522
7583
4336
7838
7524
4085
2832
6480
578
582
5300
7764
8503
1281
6979
4305
6147
691
412
4798
8606
7038
8818
4816
7573
8953
9284
9405
282
7580
9294
9710
4427
