0
1170
1119
12
1910
1126
2212
7
8
1760
10
1567
780
2462
14
369
792
360
2806
319
1705
2852
968
1441
46
1214
2491
1735
1502
1110
934
31
32
392
2022
2836
597
567
990
1891
725
193
2845
1577
1270
1198
2093
1598
797
1354
1148
1764
381
1168
54
1327
2183
2211
1116
2202
326
2931
62
63
1826
2110
702
379
2145
44
1346
401
2563
2728
309
514
915
868
2168
1886
2766
1406
52
54
1529
1660
569
212
2199
1122
813
91
617
1232
94
1224
1462
11
252
456
2955
1483
102
103
1487
46
2637
2204
1526
1937
1032
938
2554
29
876
2664
460
1559
2158
316
1447
1564
1962
1711
1831
1265
806
2478
43
1253
2087
564
2133
452
150
1765
141
365
1472
111
1975
154
1838
758
2194
1144
504
1890
144
1013
856
1485
2007
1601
681
155
1222
2750
158
205
2465
721
877
1830
992
545
520
2618
1799
220
1409
1230
172
273
2934
1051
176
676
182
2878
1969
2260
255
427
889
2589
2143
187
188
13
991
350
192
1539
194
938
1907
2080
1
2165
589
1509
202
1793
1652
1379
186
2403
1686
209
1037
2498
1141
213
887
2188
216
834
1268
219
524
221
222
1978
228
586
719
1429
49
197
84
2365
2672
233
234
1811
925
380
16
239
1898
310
2121
243
234
1565
1952
641
576
1461
826
124
924
253
1980
262
469
257
600
1477
945
397
297
508
264
143
2398
2082
2811
1265
1918
386
1889
2280
274
381
1160
277
278
441
1912
1405
663
283
284
1824
1735
1658
761
1971
127
1634
292
489
604
291
1068
1566
776
2167
1420
1195
2821
364
1402
761
306
27
1377
2100
2245
768
1977
313
2308
2803
316
475
1292
319
320
321
2312
2049
412
891
599
804
1713
28
538
2897
332
697
334
1801
1990
1566
1753
339
205
890
2109
1910
1727
1605
1396
2904
382
1721
908
1702
1448
465
1621
406
2310
1683
704
1919
224
1187
1480
192
1307
1034
1137
1722
1519
2271
1944
371
393
2946
1695
451
333
377
378
1583
2888
1763
1473
1089
880
1486
278
1372
1945
1562
1358
688
1469
97
1398
1454
1231
53
1238
2980
400
71
2228
2681
842
232
809
1810
1173
484
246
411
1535
326
2531
4
416
571
252
1597
1510
342
1954
655
2616
1703
963
1140
995
929
1275
2715
1859
1524
1590
996
2798
1538
438
1245
1941
1931
173
338
2783
770
446
325
997
1484
1434
1092
2660
1124
454
1100
266
1542
458
1961
1374
1242
2609
2984
154
1701
357
614
1196
1831
506
654
207
1269
474
1986
271
477
2463
2987
342
1720
1883
643
1000
1921
486
836
1112
1469
1518
77
748
985
1018
495
1332
2001
841
510
2399
1927
502
1818
504
505
2818
507
1135
433
1626
1462
2033
787
181
515
516
517
518
1315
59
876
1001
314
88
1514
1056
1178
129
451
1857
2266
532
1279
254
882
210
897
2683
298
34
1065
542
1154
544
2198
546
672
496
2484
1145
746
1288
2584
1904
1035
1167
1328
2940
559
590
263
562
483
2745
1942
1536
2186
250
2856
570
1861
2452
204
2825
603
1167
1587
578
912
1379
581
2823
533
658
512
1554
784
737
2649
2084
1338
1623
1251
752
2522
596
2278
1682
1014
139
1173
153
305
604
605
2262
461
1580
1546
580
1768
366
78
586
1183
1531
1958
2032
159
754
109
1746
142
456
179
1884
2916
628
2444
1571
585
984
816
2304
1389
2155
1191
1950
2161
126
1032
642
733
1136
645
723
368
798
2988
323
42
652
1603
1796
1425
2118
2026
1435
853
2107
134
2859
13
1488
2654
666
811
1419
2216
1871
2412
1244
1409
731
606
163
677
45
1038
2920
843
682
683
1395
391
2724
2697
688
2066
789
2908
303
2808
775
1606
216
1181
239
499
1491
1897
402
410
1199
705
864
1099
1539
1075
1200
492
904
2853
714
1289
1916
2869
74
2156
327
1726
540
2894
727
725
270
1778
914
2385
2458
674
93
1325
279
2151
2535
660
780
1812
1248
1209
742
743
744
935
1195
2330
1084
2431
2108
1230
752
2172
661
1550
1973
825
2991
1124
1737
1698
1761
1103
764
2471
610
767
1740
39
1687
1470
492
1253
2579
1777
928
793
1929
398
1427
1609
782
1607
1443
785
2657
153
347
932
1321
916
946
597
1482
795
1651
1999
973
977
2709
47
1067
803
1080
1543
806
807
1967
552
1274
2691
2315
430
1366
1093
1066
1385
1088
2446
1260
1605
821
823
824
972
859
827
1855
829
738
831
2201
1002
1651
2407
131
837
1219
346
840
2214
1457
2234
828
1213
1517
195
48
849
1881
969
2479
789
1956
3
1217
1949
632
936
112
2725
602
1463
149
617
2829
601
329
1218
1104
1355
588
1216
692
1900
1282
117
1449
467
880
851
636
1629
884
763
2189
1610
1939
1344
873
1586
1827
743
867
899
159
2574
1620
1504
2626
1093
861
1897
465
2615
2733
2665
1943
1225
2742
2560
870
913
2180
482
916
646
167
1827
2451
2919
1326
2968
305
471
146
927
1992
1731
156
931
434
1408
2578
1076
80
937
748
1231
130
694
942
478
2057
22
2340
1636
1025
949
950
2417
2776
953
219
436
869
85
958
1460
2805
703
962
262
1610
1629
966
179
648
589
970
1640
910
1491
2123
1873
1929
1279
1388
1803
696
1376
2008
1692
767
563
1829
817
1689
468
990
533
415
2644
954
1617
1304
1716
291
2891
609
1899
187
620
2303
1223
1942
1513
178
1138
1010
1011
1012
271
53
2396
1078
538
2605
2765
1400
427
453
1780
1670
1025
1097
1202
1781
250
1164
1031
1828
1802
1236
555
2382
1189
1572
1039
2529
114
1388
1613
802
717
41
2270
2979
1039
1259
1228
1052
676
2799
1465
1362
1057
712
28
2525
1957
1951
1063
1197
2319
816
1723
122
1069
2645
87
1072
388
1628
1860
1017
1736
1391
1079
1457
68
1082
1083
1171
1496
1086
765
1706
66
315
1091
1395
898
1094
1206
302
1294
27
301
1100
344
1102
1820
969
290
1127
1107
1464
1770
1411
1111
2786
976
993
1115
170
105
16
1080
750
1913
2018
742
1677
1712
1033
2898
226
43
1505
2964
1292
2586
2671
1580
644
1884
2744
602
1840
769
839
1492
76
39
1146
2556
2268
1717
1150
906
634
2844
625
1155
1717
148
1734
1053
926
6
1718
1666
287
1785
2639
777
2175
2379
1970
1877
2557
2105
443
139
1348
1503
921
1179
1394
1181
1072
1183
928
818
1186
211
1188
1130
336
1372
317
1193
706
1306
374
1744
1688
2804
1302
779
1928
1286
749
169
1449
1033
313
2301
633
50
1212
886
980
591
1732
2055
1752
9
452
1221
156
1814
1649
1225
563
2971
2580
180
357
1496
476
2956
1675
1472
1426
1868
1130
2117
778
1241
937
1243
1597
948
160
2701
1383
1249
1250
1663
1105
608
1254
1428
2662
1787
102
574
1414
1588
1450
979
835
1345
1278
1267
2669
2500
1270
1434
1272
2840
839
56
1276
605
554
1779
1985
1479
838
1283
1794
19
1043
1742
1731
774
1290
1291
1587
794
1220
901
1296
2782
1298
993
287
1407
64
1303
51
554
390
363
1308
448
310
1274
2633
178
1494
1784
1553
835
1738
1319
1118
2688
1582
44
1341
1174
1095
1932
557
1915
1330
1331
1374
1333
217
1602
2763
1622
1757
1497
2020
328
523
1343
1995
2819
1367
447
2174
913
351
1251
683
2755
1151
1915
317
1753
1297
838
1037
758
2442
1103
1507
684
2411
685
345
1600
425
2242
387
1843
1054
863
915
827
1896
288
255
949
2076
1361
1247
818
640
1302
978
2455
2689
166
1289
2203
361
2482
1822
541
371
923
1549
1401
464
1886
1355
341
2042
624
1408
2643
2999
1458
251
158
898
193
445
2298
1418
457
20
765
233
864
1349
1215
1174
1258
1428
629
1800
1142
111
1729
361
2926
1808
1754
1937
925
2779
215
2009
2128
35
1445
543
2503
1380
2085
2942
2263
2468
1453
97
67
961
166
151
1459
288
1220
1832
1765
1108
1031
1240
708
1455
489
2710
2882
1147
1473
1984
565
1476
51
128
892
1745
2855
1113
1976
1484
2045
1772
2284
1578
1246
1622
1091
1557
1129
1591
1573
79
813
2326
1499
1244
2530
1585
2464
1501
911
1875
223
314
710
1990
1047
1676
1043
1352
1917
2519
1123
1263
1964
687
2200
2635
1439
861
1712
826
1316
1361
2749
1530
2160
1653
17
2252
1353
306
133
261
964
1540
1541
2595
1589
659
140
630
577
1381
33
470
1551
222
1316
315
14
1556
2994
1048
400
275
1143
1004
1563
2415
430
790
745
267
483
242
121
1572
2372
1574
1575
1002
727
134
2257
2957
1576
1347
1583
81
1667
2390
117
1445
138
2472
1528
1917
1028
1048
487
1596
1314
2973
1415
221
198
587
2035
151
403
240
2241
165
1162
84
1809
712
539
1029
1615
443
289
2795
1317
564
1621
1736
1967
1624
1540
1135
2624
2566
1098
2917
1534
1700
394
304
1969
2349
1176
1071
1755
1640
2219
2564
2850
1796
1468
1556
1647
791
2901
1471
1631
1797
1694
1654
1707
833
188
249
99
2113
2576
9
225
1741
1718
1666
579
1668
2062
2559
88
845
1900
1005
1776
2075
1743
321
768
2297
161
2993
523
120
930
1686
1076
333
1050
1108
1691
782
1035
870
739
1242
2273
1365
1699
1437
580
218
719
1772
1467
1390
1759
1026
2275
1340
85
1737
170
1646
1715
2388
2332
2441
1719
1720
1611
1963
965
1944
982
302
1074
1728
1995
1182
1163
1959
1733
265
145
974
2395
1417
2495
527
1703
2420
385
665
1745
1276
2981
662
879
466
553
529
1029
122
2824
2546
1322
1758
275
1760
557
1066
1548
1532
307
1356
891
1768
1769
207
1223
2571
1773
439
1775
1081
2246
2115
1779
2915
2636
1148
431
2375
1798
2555
680
1046
476
1460
1791
1792
2125
1766
106
635
1817
1111
2146
2658
2072
1053
974
82
663
1410
689
664
1141
639
1954
540
850
2073
666
5
2809
2178
1662
2723
647
2828
1823
2679
1825
1200
2040
624
408
2377
124
2144
1437
298
2707
1836
355
505
1839
1515
155
981
1946
907
1845
1325
2647
2305
2295
547
736
584
613
1854
1855
1864
481
820
1859
330
131
352
1863
248
1918
1442
1486
70
1869
521
895
1872
1563
1874
1506
1077
98
1118
2208
1078
384
1842
2334
100
1885
1866
500
93
1050
147
1891
675
1775
632
509
1920
2638
2369
2774
2587
1901
844
1006
2494
1312
40
2314
1908
420
2357
1911
542
1992
1847
598
1916
992
1562
1327
1920
2054
409
495
1924
733
664
677
552
2960
1062
2337
261
1313
1934
1935
356
2953
1991
1964
802
1280
1387
1494
370
1945
1373
2652
1630
1949
2380
1062
1952
2929
1342
1955
1512
1950
875
1109
1360
1881
872
1005
749
903
1423
1058
991
1568
1933
1710
2935
1303
1318
247
1404
2883
751
230
311
1981
1982
854
875
1985
1986
61
2889
1911
1446
2944
691
1099
1140
2722
1909
1466
1998
700
1525
490
800
415
2868
621
1368
191
2954
337
2335
844
3
1546
573
15
536
1789
5
1914
1991
36
389
435
2995
2687
434
716
2017
2982
1160
1849
69
2413
34
229
1801
641
1075
583
2038
1791
956
1155
987
2359
572
1369
985
940
2841
175
508
940
919
539
123
1422
519
295
214
161
2739
63
1579
65
382
1358
399
433
2238
2230
1619
1885
2030
1471
76
238
142
1792
1299
81
82
83
107
984
86
87
2708
396
90
865
2
2019
94
1139
2376
197
57
786
1430
1614
1013
103
1136
1054
501
1690
722
2079
398
1936
1650
1696
579
369
1649
2492
118
1603
857
1571
2677
1015
1497
1907
1926
531
655
2423
610
1851
57
2251
2006
869
26
137
863
2119
1479
547
1345
1971
144
2036
1836
1144
1707
1341
866
1133
485
389
141
946
384
157
1634
896
1275
822
1821
2604
164
834
1734
1285
2350
1205
1805
1919
1925
173
1453
1627
1715
177
943
336
180
1749
707
183
184
2025
372
137
1364
1575
190
1071
1960
793
1307
1848
1128
2474
2391
95
2112
423
202
375
905
1313
206
997
2061
209
1592
1390
212
680
1442
732
37
1845
157
2016
659
852
1552
1511
1889
462
2309
1719
1549
1096
1595
1407
1146
1607
244
235
236
329
1383
296
240
787
671
177
12
245
637
2513
1676
859
762
1412
301
2814
2542
527
2311
164
258
2784
422
690
1335
601
264
987
2876
1657
380
1771
865
2551
2655
1815
1254
2307
1706
72
692
1875
280
1262
1020
2320
1785
421
1652
1432
2089
198
290
136
2896
1186
944
2547
811
473
612
279
300
1600
2473
911
60
2140
1505
2508
308
631
1958
2209
402
517
294
349
670
1806
61
2757
619
1711
955
513
1098
2338
1643
2986
1188
1633
2854
954
196
1443
135
687
1239
390
968
2050
1560
1673
1158
1056
1913
1685
346
1044
2322
2539
2046
2064
1864
1727
160
2318
469
2213
801
999
924
1612
2549
983
442
2588
115
367
22
459
650
1063
1021
373
2515
2614
754
101
1488
1770
112
1521
348
846
2768
2457
2282
941
1518
2524
203
682
392
114
661
201
1691
455
340
724
1196
2969
119
429
404
1748
268
2820
777
409
1421
643
2899
1236
629
257
903
417
488
623
2972
37
889
1382
424
1639
358
1367
989
429
769
1474
1550
1981
1601
435
1922
437
888
479
543
600
2939
696
1000
2258
1825
447
1574
1590
450
1608
1545
837
1988
1828
1659
1209
526
376
1346
1966
766
512
464
757
1522
405
2367
796
470
471
1040
297
474
1310
909
477
509
1038
2432
559
526
2404
480
746
1414
2353
578
2476
2220
724
651
1027
1216
577
1397
345
417
499
549
1795
2386
376
960
1892
1888
2223
1207
647
1585
599
89
1625
75
560
701
2533
132
65
520
521
2632
1604
975
453
68
1267
638
529
530
1324
1680
83
1444
535
936
1178
1044
1436
551
183
2932
1322
544
545
626
611
408
549
99
0
1527
1015
2847
555
2790
2034
29
1813
560
561
562
1538
1147
1650
566
2800
1301
1008
152
1022
572
2928
330
575
637
1006
873
1616
1258
581
582
1594
536
491
845
1227
588
2906
897
1152
2012
182
594
684
1187
426
1701
130
1810
1045
1450
1784
1350
1128
606
1493
1077
628
2598
2496
1938
58
138
2426
819
713
796
619
1704
58
55
1896
1298
625
2129
2545
2966
109
1627
2162
918
341
616
644
2179
285
900
2090
2692
247
324
2222
635
2801
225
1311
2699
105
650
1001
2863
1357
2773
1844
2747
657
2608
110
1268
1019
405
1337
11
2166
1903
416
1125
64
1894
568
672
1170
1217
675
362
1751
1582
2893
2051
681
1602
1542
1165
685
1114
2430
1406
2581
690
269
396
2447
1665
2253
1870
1397
1631
210
2343
833
414
1180
558
705
2225
2976
2914
709
404
1795
2583
1481
334
1317
152
1526
67
2336
1378
1068
2114
1096
2149
356
1206
1480
728
729
691
75
2239
1925
734
1565
1009
1152
1501
753
312
741
1879
223
744
820
1339
30
253
1192
2269
2099
1218
1177
2842
951
942
1060
1133
1177
2294
2384
2575
1997
764
1347
1833
1853
1635
2520
770
366
1870
2331
269
1730
2892
165
1487
1643
1807
781
1049
331
669
1351
858
1533
788
163
1682
778
792
1675
794
1520
1708
1203
354
462
800
1335
1214
2449
1781
2197
1584
491
189
21
810
511
1679
2862
506
771
718
439
1644
819
200
1389
822
2122
1202
591
2553
2344
714
1644
648
831
362
1441
1880
1371
836
24
830
1623
2693
2523
2015
2261
1941
1531
375
1724
1022
553
1626
2163
1966
2358
757
440
1689
2767
1867
686
877
860
862
1375
706
1614
866
1594
2778
1570
756
299
1169
281
626
2837
657
350
1157
715
1867
881
104
760
2141
885
1213
214
1599
1868
890
1311
892
2585
2864
2713
1362
2831
2475
899
537
1295
1334
1475
1902
40
1528
907
1132
1273
1432
815
1353
2206
38
1724
227
917
86
1822
665
304
922
923
2370
1739
568
2356
96
1107
1224
2887
1285
966
2726
1974
347
627
2951
939
1830
1266
1557
2600
1656
272
125
2623
2120
2074
2453
26
126
1951
957
575
478
957
17
944
335
1456
1308
2510
1955
1609
1503
874
1598
312
2668
365
953
798
503
150
2886
2867
108
241
1203
981
1641
2851
740
503
311
1153
988
1228
256
1813
2902
1912
1638
707
2911
583
998
354
788
1984
348
2047
1004
1095
1806
1007
1786
720
1348
1011
1012
1393
1064
829
1016
1017
446
1215
1239
1021
699
848
1305
60
623
1027
2684
2041
1570
1921
867
2938
1034
1104
894
1185
493
1421
739
283
1101
1857
2910
1235
1060
1156
824
2488
2770
751
1245
872
1332
633
807
445
1478
1234
272
1061
1661
1979
352
1552
441
1714
2502
1069
1085
1502
1996
848
678
337
1417
2785
773
1655
2622
463
1042
1083
1369
1671
1086
1087
2207
1117
1354
1477
1508
1935
1672
428
49
1089
2059
23
1349
1483
162
1363
1962
2528
698
355
1632
1888
1681
590
2477
1121
1382
567
1116
2912
737
1119
1832
1948
1819
1697
2504
1282
66
461
186
1671
618
1905
2291
1084
728
208
1687
689
1138
280
1210
2265
548
2663
324
2374
961
457
1573
832
1150
1151
1481
1153
1365
613
1685
1157
289
1159
30
1393
1162
1163
1384
1145
414
325
2345
729
673
258
1172
1392
2925
1320
1904
753
1318
2874
1924
1764
1094
1201
1732
2152
276
1862
2027
1189
1190
947
1778
1193
2924
1850
228
1708
1866
959
2843
1459
1340
1211
2193
1714
2157
1102
1208
741
2674
2154
1212
1381
1848
2650
740
971
1120
1419
1744
286
550
327
817
2067
1028
1782
595
1229
171
1887
1439
1233
1234
1205
413
2421
525
2106
1052
1241
1790
2037
832
1049
1852
1699
1248
1249
1149
1838
1252
1943
1309
1517
697
1257
2866
786
442
2111
1262
1300
1264
745
1266
1074
2590
1269
1697
1824
2985
2998
2877
673
71
715
1219
473
2176
1863
143
1283
929
2264
1277
774
2267
2781
1290
1291
190
882
2918
2177
871
1297
1773
1420
2456
1301
2716
270
1250
1305
722
1608
858
528
1226
762
2466
622
1498
2777
1294
1159
1055
2215
2406
2086
507
36
1324
1846
2989
359
611
2237
670
1331
1023
1333
1309
801
2873
1337
1988
1339
338
497
91
1343
48
515
502
1168
2328
2543
294
1974
1352
2512
201
755
828
2666
902
2182
927
460
1818
1363
419
1926
1620
2736
1368
593
1211
42
2686
2561
2511
693
419
115
1378
868
303
1705
1615
108
1384
1233
1375
1698
2923
821
2548
318
1392
1788
701
245
1396
1185
1184
948
1750
1844
1402
2068
1901
1405
1829
2286
482
399
1860
1923
1903
730
1741
1730
1451
565
642
662
344
967
1959
1423
412
731
485
1927
41
986
534
1431
1596
1499
2348
1783
32
1179
89
1618
1664
1191
1965
1729
472
679
1976
1673
1448
2977
1026
1761
2625
146
694
1447
1588
2538
1458
516
978
908
2434
2387
649
1674
1466
1617
1431
967
646
2355
1553
1376
2518
2675
1476
652
1451
2594
1522
2714
440
2532
2402
299
1716
1199
293
378
1882
1679
1769
1807
847
1495
1370
2990
1930
825
2735
1975
2058
353
1541
1260
2826
1507
1508
735
2256
2746
1512
1948
1514
2848
1131
1878
799
395
1647
1521
711
730
2933
2259
331
2907
674
411
1642
1529
231
1815
1271
1535
734
2975
168
18
2965
133
2651
805
2218
206
1774
318
2922
2428
755
947
1082
2582
1227
1482
1840
1789
1064
1873
1808
1561
718
1616
494
1704
2890
1567
1993
1489
1263
2302
364
47
2255
1357
1041
716
1800
1247
2346
1581
55
573
1584
1328
2437
852
2921
1543
783
1591
2383
1436
710
2327
1999
1931
709
980
1994
917
593
631
1604
1120
1998
1158
2048
2427
1110
1856
322
1613
2235
1411
2738
1467
1618
2136
2436
812
738
2573
1624
1625
1665
175
1092
1934
1630
1097
1749
1696
1413
1635
1636
814
1175
1639
702
121
2552
118
713
1156
1646
698
1648
260
2285
1256
812
2029
2610
1259
1656
1657
1777
1659
1817
386
1662
511
1664
656
2184
2392
851
1669
797
1330
92
1581
1674
1261
213
1677
1678
1176
2443
830
2397
2732
1684
532
1923
2053
1204
215
1743
1973
236
1693
717
551
1700
1681
2401
1461
1081
574
1702
1823
736
1134
276
101
983
2448
1710
2646
1833
1129
1364
1433
1003
1042
1940
2461
1047
1721
367
1723
726
1221
1726
2621
584
2224
695
1114
571
1733
878
254
594
309
1738
1739
1359
1946
1742
2497
1238
78
1746
1747
1748
1599
2493
359
1373
377
2937
888
2719
2044
1758
2822
1939
1416
1853
1799
1278
2487
2414
73
2354
686
756
2673
2970
1310
1834
2381
1165
2433
45
343
1515
1551
1256
1965
1956
479
1786
406
720
1983
4
1668
612
630
653
1983
627
2098
431
21
2758
2830
147
243
2839
1805
2083
1493
970
708
1197
323
374
25
140
1994
2793
1663
496
951
556
904
607
1837
2088
403
1709
125
615
388
449
119
1398
1653
933
467
1667
1837
116
1839
2703
1841
1762
1843
50
69
1255
196
1115
965
1438
1851
1852
2389
2653
1356
242
1821
585
1134
293
841
1862
935
248
933
176
1819
232
1415
437
1980
1121
524
1874
1090
1876
528
1878
1879
1846
73
379
1883
2249
1
1756
1125
994
497
1890
1957
1892
1893
2775
2440
1871
1516
1898
1899
2360
1106
1902
2834
1386
1123
1933
128
1908
883
1577
1989
1359
263
2279
2362
241
639
2364
1586
454
1555
1922
1947
703
1009
721
1504
850
1036
1692
282
1495
1149
2534
779
1936
2221
1938
2292
1370
879
2313
1024
2900
1232
773
1286
487
558
1953
260
1532
1953
1416
922
2243
1979
292
1222
1960
763
945
1470
530
1774
973
1287
2116
1229
1314
1371
1972
1655
1055
1184
1088
1660
2815
1680
2274
902
1877
2601
651
2756
38
1987
401
2254
621
1564
2439
943
2192
1433
1182
1997
1835
2872
1329
95
2002
977
857
1865
2000
2761
1756
353
732
450
2963
2013
274
1142
569
596
854
1576
855
2021
1403
1782
1295
2526
1321
351
2028
2317
1412
1304
920
1545
2740
2300
2517
1452
592
1558
847
286
2978
343
2454
1020
700
608
169
1776
339
1261
2190
230
211
171
2056
486
595
1759
1413
393
1180
2005
107
2043
958
2544
189
2069
466
2071
1190
735
1905
2849
2550
772
1440
2137
1284
2081
284
1046
1399
1968
25
413
570
394
750
2416
472
1579
1559
2095
1826
2097
127
1633
1523
2101
2102
2103
2104
723
1865
660
926
480
1814
622
1695
2903
120
1754
1968
2078
1023
2306
2287
1856
2593
1210
2124
238
771
2127
918
885
2130
1558
256
2373
704
2135
1684
420
2138
2283
550
1401
2142
2861
90
2173
784
2070
2148
1014
2150
1882
2642
2153
2771
1996
2885
1755
1850
2159
843
484
481
259
671
199
1284
1498
1059
2169
2170
2171
1336
1456
1780
52
2094
1641
952
2947
2091
2181
912
2240
1350
2185
1166
2187
1961
1058
2
2191
1561
2229
2418
2195
1611
1399
444
2063
2936
174
1366
2596
2450
2205
360
1906
994
2296
19
1993
2870
1342
2676
1319
18
840
2690
15
1237
1019
2682
2949
2997
1194
679
1131
1252
775
391
2231
2232
2233
699
1132
2236
1489
77
184
56
2368
277
576
1385
1475
1255
2247
2248
649
217
2352
218
1544
1763
448
1338
1982
1057
645
1040
1198
1468
498
167
2711
531
1928
1016
1271
1257
2003
2459
2764
98
463
2276
887
668
33
425
2281
2617
537
1547
199
2323
616
2288
2289
1464
1172
1849
2293
1400
658
1323
1272
1841
1109
535
1161
1757
1530
634
920
790
363
1444
226
971
2014
513
1312
1544
1858
2316
185
2342
959
1523
2321
1424
759
2324
1812
410
1595
259
2329
1766
1101
1030
1869
1834
498
1537
871
1061
2339
194
1658
2333
1619
747
1404
2817
636
307
1403
1208
2351
2620
295
1351
695
1906
2164
1045
2641
2060
2361
1536
2363
711
2341
2366
853
421
900
1963
1670
2422
1690
1008
856
667
2659
1293
424
795
1277
791
1722
494
370
1820
168
1465
31
1520
1527
1893
776
70
726
1593
1728
849
609
2400
132
1299
2371
895
2405
2753
2734
2408
162
2410
23
1555
783
282
960
514
1204
2881
2419
1578
1036
1506
1418
2424
823
1164
1804
1073
79
1947
1306
449
1106
2950
148
921
541
2438
941
1816
846
1288
1645
656
2445
113
1090
444
803
418
423
1509
1065
982
1725
1300
385
1628
1533
2460
1391
2409
59
561
2667
1524
2467
1816
2469
1422
972
1788
501
129
979
804
1329
1797
2812
2480
2481
1087
932
2838
1059
1569
781
747
332
2490
1175
2485
1126
74
998
1513
1767
2895
1194
2630
1694
1235
1323
349
2875
842
2507
910
1835
883
436
950
510
2514
468
1803
989
2501
490
72
2521
1688
1360
999
855
1794
2527
1105
934
2272
200
2613
1606
340
1474
2640
2537
884
878
2540
2541
1336
814
195
963
988
1380
500
956
1117
1435
113
1452
1861
1287
1804
1847
1894
1978
1137
996
1767
1648
1642
1426
1940
2567
1569
2569
2570
1909
2572
1386
2092
772
1661
2577
1139
598
519
546
939
100
2592
525
808
669
1895
2132
2568
2591
1243
2506
1725
1593
808
2597
2752
2599
172
1454
145
2603
96
1334
2606
2607
1762
1752
1654
2611
2612
962
203
2558
1326
894
1024
2619
2813
251
204
2435
2702
1007
320
2627
2628
2210
2196
308
493
10
2634
2880
592
1161
1809
2290
1525
1463
1079
618
995
815
1344
149
2648
1560
1264
185
208
1446
1490
2741
2656
534
896
1429
2516
2661
766
7
455
2562
110
975
1740
2727
2670
1568
2884
986
459
2394
1790
296
2425
1548
1589
1914
426
1067
1516
2685
799
1122
1500
1018
693
249
640
2217
2694
2695
2696
1070
2698
2631
2700
1880
1169
1972
2704
2705
1930
1240
1455
1394
383
2010
372
2126
1547
905
2730
2717
2718
2948
2720
2483
358
1645
2031
1424
1085
1166
237
2729
893
2731
432
1201
191
1192
231
1534
1010
62
668
587
1751
2743
181
2139
1511
2835
2748
1281
1672
2751
760
267
2754
116
976
1713
1500
2759
2760
931
2762
881
285
2858
80
2833
387
2769
1440
2131
2772
2277
522
654
2486
1315
458
273
2780
106
2913
244
1490
1430
1112
2787
2788
2789
1207
2791
2792
2250
2794
1171
2796
1887
1425
620
1427
237
2802
1811
759
1895
566
2807
607
235
2810
1410
104
2347
1127
2226
2816
1554
2952
2429
407
2499
1320
582
1678
1003
135
2827
1537
1143
1519
432
2832
2244
1783
914
35
1296
2393
418
1273
1638
1070
322
930
2536
653
964
2096
1387
614
1438
952
1485
2077
805
2052
2857
1693
2011
2860
2147
1246
2846
2737
2865
1073
2678
422
2023
488
2871
1492
123
2721
2505
886
428
475
2879
909
2325
2629
2004
2602
1237
1051
220
2024
2299
810
1377
678
2509
1802
1478
1637
1293
1030
548
2489
229
522
174
1750
2905
1683
906
955
2909
1510
1989
1669
6
2797
395
809
2065
1281
265
2378
1932
328
383
368
2565
1858
2927
1872
638
2930
1793
1280
901
1977
1637
1876
1632
20
919
2706
2941
667
2943
862
2945
407
266
1987
224
1592
281
335
2134
8
860
2470
1113
2958
2959
136
1154
2962
1842
1854
1612
2680
1226
556
615
2967
785
2227
2983
2974
1709
874
438
2961
2039
1798
1747
1041
2712
518
268
1771
246
373
92
300
893
2992
603
1787
24
2996
227
1970
397
