3419
856
1284
3456
846
4522
1181
1582
7020
9
1216
1287
5692
1880
3203
1879
2480
1373
18
1148
1946
21
1032
23
24
4061
26
2815
1967
146
3587
2243
368
588
5543
105
4357
7140
228
5545
5093
314
2202
43
6110
2991
521
962
5769
49
2559
51
944
1519
589
7326
56
2145
2642
7683
539
335
7407
3277
7283
6286
5986
5059
5624
1947
70
4333
136
73
1708
75
3668
2130
4487
941
5864
6027
6018
1198
6329
85
3812
2349
4109
6345
7617
4723
832
93
1989
6679
1997
97
277
99
1564
3004
6121
709
104
5451
3957
3289
5101
1722
2537
294
2005
2770
4491
172
6187
192
1789
119
120
121
3760
1033
7572
3390
5608
127
1319
2781
1820
3306
5271
850
6109
135
1138
1994
138
6259
4737
7234
4997
7824
3973
230
866
7402
148
149
3684
821
1353
153
1834
1260
40
5049
1959
6613
1844
6050
3379
7778
3426
3134
7997
1764
1684
3965
7840
5664
6871
2961
5577
6096
176
1867
1114
1369
2783
181
4276
183
6021
185
6962
253
382
2754
439
7548
3694
1553
2277
195
6069
4366
1208
1574
6120
1551
781
7633
7533
435
1448
2947
4571
209
5339
211
212
2795
948
5650
7849
973
20
219
245
481
6344
223
1020
806
226
1702
839
5752
7906
6612
4976
1896
7089
6549
4917
4815
6665
1655
240
241
44
1652
5871
5291
398
1458
2251
1059
5444
3954
4453
5206
6034
956
256
5777
884
895
260
255
3067
4158
1307
1527
1865
7564
876
1569
270
1689
3606
6145
973
949
494
7644
278
1529
3860
281
4919
7783
5162
285
2556
1287
7699
5055
2904
4615
292
4660
7196
1786
2555
287
4020
1374
1744
3921
7773
5926
7713
1531
36
1067
1794
1221
576
311
88
5466
4500
502
7866
1242
981
1589
4964
1975
322
748
6509
1894
1546
121
1393
490
7017
3614
1524
6944
3361
2513
2234
3826
6572
7697
1539
1763
5154
1917
605
7355
7345
347
5411
349
3934
6465
5532
6389
3517
309
3101
6641
4830
7822
4473
6798
1990
2519
469
30
782
1022
3462
6359
2704
371
4009
6019
374
3999
1228
3453
5419
808
4624
381
467
383
384
385
2796
6330
3979
7304
283
2106
6223
813
112
1568
396
410
2356
2610
5830
947
908
403
103
5918
3725
1426
2147
2419
6497
1979
1563
238
4253
2223
5349
3767
3159
1335
4138
3287
1386
3238
4051
2999
860
6360
2350
3823
1653
431
5744
6867
5378
136
1398
4107
1613
99
440
2306
6063
4665
6874
7690
97
2072
7210
664
4685
3844
3749
6401
7999
3355
456
960
7298
5560
6689
461
462
1425
5689
465
5728
467
803
4884
1213
1418
1601
3971
7158
5861
2
5453
3785
501
480
2906
650
1873
3087
1569
486
1393
1255
730
7709
213
492
1307
2915
3569
106
582
2833
6377
6743
5975
1636
5332
7982
505
1321
7070
1782
5702
564
6715
7055
513
1036
6515
6115
517
518
1823
3327
4584
683
4230
366
5237
3401
6470
4174
4868
2374
4195
1417
1467
1121
1871
3216
4641
7301
1699
475
1316
2040
188
434
2164
3632
585
297
2121
802
1646
663
553
1611
1571
874
7438
2355
4758
1713
561
5371
4215
1618
3298
5321
567
771
1135
5961
3196
930
171
4134
6128
1493
528
4650
1016
580
3333
6898
164
1715
3239
1083
3636
2425
4865
1937
3905
631
7208
4015
3703
3635
6235
598
2395
600
7858
7837
6012
3998
1707
426
843
608
7499
6154
1152
7136
1049
6462
849
1675
1532
618
3282
7395
7814
1017
1259
624
4745
626
627
5337
2651
1881
7019
3704
5786
634
701
3935
828
3681
623
7187
1439
6049
5750
794
1082
5947
1617
648
629
5617
651
5213
5774
5594
655
1817
2308
2586
3851
3532
2975
3756
2079
2346
4422
666
3075
668
669
2315
868
199
4536
674
675
5568
2421
678
1204
3016
2181
682
3396
6926
3223
578
1495
6504
6231
1306
5130
3875
7674
6947
5976
1740
697
698
4556
32
635
4990
7741
2585
1089
4892
2694
272
5340
7829
886
692
369
2650
741
4003
2021
2389
880
5099
721
1730
68
1062
6395
7587
365
1679
2750
6585
7340
2116
1072
1927
2045
4870
7027
7592
3272
2985
1694
1641
1266
5414
2643
708
3563
2840
6505
750
2887
974
3147
239
7238
4156
3317
3402
52
225
1420
4332
690
724
280
7246
7655
132
3776
5661
3348
1694
352
1514
1678
899
53
1428
1476
3917
5400
4768
1512
6213
1673
945
6940
7163
4236
7416
2291
3483
6170
238
795
2872
797
4561
4869
1982
5894
247
803
804
805
2331
4593
379
3610
1886
1413
812
1585
7222
318
6995
147
779
1746
2793
87
6167
7625
824
825
2807
6639
1336
1703
438
6581
4485
2236
1199
835
6823
955
146
366
1837
5137
4850
1810
1166
6325
3552
7511
848
6056
3883
851
1925
687
854
5857
5492
5556
858
6591
4853
502
2934
3731
4447
6045
866
2049
3381
2986
35
5748
1948
6059
6570
1076
1237
1009
7211
3962
1366
4348
2778
235
2274
885
763
3589
418
7159
890
6847
7651
7051
894
5220
2290
237
4432
5141
6239
4540
902
6447
89
615
4831
5380
2668
1971
2178
5846
6762
2090
5465
4591
2364
628
548
6249
1100
150
29
824
765
6501
413
3542
5612
6869
1644
931
3687
1819
878
7605
4855
7767
3063
5263
1340
7939
942
3377
3247
945
5900
2543
4082
3734
7186
1508
367
6372
954
3387
123
5227
7295
6706
73
1892
6489
3110
1895
965
7974
5805
2726
983
4426
159
2739
853
1583
1942
6922
7380
978
6183
980
7993
4296
989
7520
652
326
987
988
5053
870
3873
2177
1441
7631
811
2219
642
1802
4792
6328
6233
7571
350
220
2673
998
4065
1008
877
1696
1011
4438
876
1014
4329
3168
6548
1363
7249
7845
4425
2626
4863
6419
2322
920
5367
148
1364
1030
1031
1032
2969
316
1612
259
1455
1491
6777
1126
7347
7751
472
1044
7176
1507
7235
6651
7781
3809
7943
1052
3130
527
1055
2898
647
5904
5290
262
1061
4282
1063
1064
4445
7934
5091
817
7951
1430
2779
5780
1073
1928
1093
737
4753
889
1427
1221
2970
5309
2434
1193
4098
1499
11
466
1089
2769
1091
7484
4314
7034
1959
3884
1328
5760
868
5047
4988
1908
1103
1205
5529
6851
7201
569
5683
6157
1510
4799
5352
6622
300
1116
752
1449
1029
3937
5965
1135
7653
1408
5282
1126
4149
1566
2038
1130
5939
2253
4240
5688
6260
1389
3651
3520
742
7306
1412
1142
2728
2118
3000
3278
1147
7147
661
881
4629
6604
621
3365
7766
6234
1157
6023
7757
3912
1755
3440
1163
5313
552
4450
6870
2169
6788
1170
1171
5960
2746
1692
5905
6607
1633
2701
5181
3947
6500
7893
5856
5177
1185
2271
1187
1188
2075
4689
2344
1192
6426
7850
1747
5797
2601
6005
2524
1087
6910
2526
101
4136
3178
5169
275
1816
791
1533
6163
3618
1799
5385
1134
10
1217
6989
1434
6781
117
4930
2179
3312
1389
1226
1058
1358
1709
1516
5855
1586
1119
1380
662
1236
922
1267
4905
6024
3504
2617
943
2622
1365
330
1396
1434
1083
6162
7970
219
3670
1317
488
39
1257
5912
4762
395
990
1812
2777
1944
5067
933
7645
1268
1269
4899
1271
2662
2741
5620
3558
5312
2273
1551
1279
1376
6540
5601
1283
1284
7018
608
3886
1046
1041
5726
4671
130
4026
1606
7923
6727
1143
5569
5134
7570
1301
5651
6117
4255
7980
7174
3594
5116
3450
7833
3659
7056
3709
249
179
159
1392
241
1048
185
7349
4553
7952
6624
7178
7658
1030
4423
952
3565
1331
7628
1481
941
3974
2918
1337
6518
3346
7995
7054
1019
3117
6939
1345
5182
1347
7981
1349
4739
1386
1352
1358
3417
1355
1356
1303
3384
1304
198
731
736
2174
5338
7996
1366
1367
1368
1369
2913
1371
1520
2825
875
3091
1473
4035
3149
6413
106
353
1382
1997
906
6219
379
5957
3925
309
1791
4218
964
487
2430
3831
769
7738
7104
4379
2235
4355
1709
7835
7107
4881
1406
1173
61
1370
2581
1411
1352
4825
6634
1415
227
6594
7677
7391
7386
2665
979
5632
2813
7427
770
2282
1503
4128
3572
4530
833
1433
1299
288
864
4970
3400
1439
7091
7749
857
1
2798
3825
5259
6837
4232
4246
1145
867
2566
62
3726
1455
5654
1457
891
1185
7431
6064
7648
6341
4353
1000
475
4200
386
958
4885
6543
3806
5631
2994
364
1622
1341
5495
3131
4254
2712
5536
6907
1484
6650
1699
4100
1039
1489
1513
7506
598
5739
1494
5700
448
7731
6409
7926
1500
714
305
2173
1444
4231
1075
694
928
7916
3132
1511
1512
1513
7656
385
822
3951
216
5593
1520
243
1796
7826
1916
1525
7481
4653
7322
151
1508
2462
5535
69
1534
4008
7405
6104
6931
1539
1540
3474
1986
352
2803
6006
1312
6179
1156
6436
2652
1463
813
7160
5521
5908
4451
4045
6948
6988
1979
1561
2168
2485
1564
5038
4010
675
6569
29
1045
555
2407
1626
3090
6080
6538
7426
1220
4122
1580
2287
1589
4965
625
1914
7988
1222
267
4516
751
7518
1592
3769
1691
676
1171
4037
998
1291
4920
1223
1669
3633
2473
3046
1572
1733
1515
1954
1610
5073
477
5218
1614
390
3853
89
6310
1275
1870
112
7452
7346
1816
1625
4378
4729
7668
5493
725
5077
1632
6138
621
4568
5090
2613
7277
7387
7616
1733
6279
16
783
1243
7219
6747
5531
3414
663
4356
6933
4738
409
5374
2766
4498
6961
31
520
4538
6396
2046
1863
6100
1666
143
1798
7480
1573
1671
1228
1673
681
674
1676
1677
7817
158
1276
6352
406
1683
168
1065
1756
1687
7127
5405
5184
1691
7145
568
715
6658
7278
175
2706
6755
1700
2834
3882
4823
3757
691
351
5402
859
3124
3600
4699
5079
560
7411
1715
1716
1050
6278
1719
290
1272
472
2333
1272
470
297
6340
1728
5951
2182
1336
2013
1607
822
1973
7922
2956
1016
6912
7149
2440
1905
3773
3673
308
815
7604
1748
1189
3783
1725
1752
4523
1205
1755
1620
2280
139
222
1739
3253
579
2120
7552
74
907
7529
1837
3894
713
2018
1772
7909
6488
1775
2734
2197
1778
3895
5078
1781
1316
3903
4220
5057
3540
2107
3413
4390
6657
2845
4019
473
2295
2580
1483
4610
7197
634
334
5615
5126
6573
1317
1805
2618
2215
5984
1809
4766
2852
3073
1813
999
1815
5675
6982
7920
2103
6301
1841
7695
3269
5583
4320
1826
1827
1828
2649
1830
1641
4
1833
3259
7691
1428
838
1707
1839
6040
6529
1823
7733
7643
6038
1766
7964
2033
5899
926
2995
1587
3193
712
1977
736
7122
4978
1859
7577
383
7281
5003
4697
169
2483
1632
3741
604
512
4290
7745
1858
2596
4182
1737
1912
1196
4541
445
587
6258
5508
1340
3798
984
3868
5837
5673
373
1575
7274
1565
1549
6207
1086
77
5885
5023
7299
7412
2195
1718
1904
7991
1120
1458
1999
7226
7670
1911
904
7819
2054
4746
7237
380
3541
1919
188
5457
1922
1923
2888
1460
1926
3271
1597
114
5482
913
1932
1928
4350
702
1936
2415
1938
755
3554
6191
4393
1378
1627
4066
1362
69
1948
971
2940
6737
1952
3916
1954
1134
1450
5440
4201
6814
6601
5563
2774
7528
1964
251
2982
4793
5012
5223
119
2921
1972
6789
1974
514
2859
6016
567
391
834
1515
5052
1298
2683
1985
677
1432
3249
4303
7248
1353
4212
3116
6176
7932
7919
5525
4433
1517
7872
696
2183
2675
6408
6784
751
7
8
6914
4682
3252
5404
498
7742
1591
5323
17
4628
3323
3686
21
1668
6767
1873
7726
701
2472
4661
7760
5838
5505
5668
414
3845
5930
36
2385
720
445
7621
4514
5343
43
92
45
493
47
6682
5153
6002
3590
7305
7100
719
2122
7004
7541
58
221
1784
3485
5020
5292
6859
7016
2977
3334
6923
7838
321
4328
5497
6391
1765
1535
4956
710
78
717
1608
4419
1884
83
84
501
477
2759
4569
6800
1894
7077
2957
6900
5850
3620
7700
5966
6263
190
2760
4971
1503
7525
7517
5804
3319
107
108
109
1187
2326
7530
1603
3515
2819
226
6434
2439
629
2303
6646
1092
4126
4658
2631
6734
1550
1752
129
1292
930
132
4621
9
4625
1749
3264
138
7563
5001
497
5205
1301
45
145
6952
893
1923
489
5196
3557
5300
153
154
7756
2687
7853
1617
375
564
1112
2609
6314
1545
1762
711
3210
1150
1161
244
6840
172
1034
174
4217
506
2371
178
7724
575
1779
4301
1147
3150
4243
186
7936
2160
189
190
1070
3814
193
1404
574
196
4233
7746
7823
3828
639
2382
203
204
205
1244
7189
6247
209
2856
211
1285
4521
2250
2742
216
510
7763
4786
6790
221
4219
1790
2098
841
256
227
228
347
7397
5474
4028
233
6963
2293
429
57
5834
1084
5584
6779
3011
4806
55
3649
6621
2342
6244
1118
6815
6807
5801
3683
597
1107
102
2910
2442
1933
260
514
1745
1808
6577
1230
266
267
438
4616
760
2027
4703
542
6710
2721
141
6404
2403
960
280
3786
1338
1244
531
4340
1743
902
4397
3463
7901
1370
7198
7933
7324
5839
296
918
2912
5431
5962
301
2708
1056
2727
5936
3358
670
1425
1025
7270
688
1769
3913
4663
800
2069
6331
2745
319
5892
321
4683
1250
7671
1670
3376
2748
4091
6742
5878
331
332
2225
334
2343
5782
411
2031
95
1463
4016
7581
1988
3969
2574
916
7676
348
3302
603
351
1754
756
1758
3829
356
4193
284
429
5502
361
4151
1487
1023
166
50
2100
2388
1738
370
7503
3141
2878
5847
5813
2676
1130
2973
4216
6876
381
382
2897
384
1158
1504
387
525
4512
5164
3459
464
1834
677
4007
5010
71
3624
2565
7908
1407
3151
403
873
5062
292
6752
2501
234
4297
1662
6149
451
6761
4518
5867
982
7124
529
2026
1996
422
1521
4407
425
7042
3733
277
3191
2129
3083
3491
6118
1609
2394
4285
1561
7321
7117
402
441
1781
4526
7898
7594
446
274
700
681
6256
5815
452
1734
6816
7223
4690
7
4686
2922
4840
7705
462
6479
7723
1127
4704
1801
6184
1177
3698
2011
5472
5298
6903
952
476
6925
468
3927
480
6530
1116
1634
5179
485
3948
2575
5567
1528
7725
3861
4858
893
7179
1987
496
6893
5977
826
4877
3270
3106
180
6081
1903
252
7090
2560
509
6593
3900
1784
2874
643
6992
1422
1379
1255
15
7466
1619
522
523
5946
2199
6185
7064
848
3748
6718
300
4321
533
2016
535
1419
2659
728
599
1856
541
3580
4406
5361
115
3372
729
3184
2445
4809
1173
1095
1855
1875
555
2327
1138
2137
4934
560
1904
3945
1613
39
565
7930
67
5762
6180
1390
1674
572
581
1964
1079
576
577
586
928
6806
2465
1594
5723
3993
585
0
1151
588
7554
7465
6220
592
2457
1027
416
4841
7058
664
903
6155
2154
1695
1160
1248
6307
6066
7526
4308
3907
5862
7491
612
1542
78
3325
615
63
5319
7579
3480
4733
5416
1442
229
625
1774
1231
1917
4292
4673
631
7360
2637
1051
5534
7534
2903
577
799
484
641
1323
6407
4796
645
7863
2780
2647
4139
605
651
4907
2797
6844
6386
191
657
6749
6224
1678
482
1523
673
5513
131
604
6791
1686
1814
1595
2224
7028
538
5355
740
1160
1379
3111
5530
680
1420
5771
1730
4258
6214
1497
1136
1006
5035
1642
6140
692
1770
694
1105
1
1887
698
2611
700
1354
4418
7967
6881
5211
706
1871
708
6072
3611
1227
1951
7287
3513
715
716
1260
5145
6677
5139
4092
4966
636
5110
1588
726
7003
1859
5089
2811
5026
4859
7429
1615
735
430
1329
5888
6631
2521
1427
1266
5148
1000
1725
746
2546
1843
6699
554
1750
7608
6229
5042
6243
1544
6473
1253
7021
1433
1140
980
4344
818
943
1132
5506
7483
5919
3364
7184
4165
773
800
2148
2320
1415
778
1637
508
942
7861
733
784
2892
7362
7325
788
789
1947
3120
756
1475
7336
689
7851
1193
1249
7800
774
972
2806
1735
7040
1889
2503
1031
1412
3808
6877
2758
7797
6712
1120
5820
1045
2972
4272
7753
5880
1966
3682
6316
923
6731
7357
5827
2771
3926
830
2992
1909
5046
7273
3987
7236
7673
7881
52
4910
7441
842
5316
401
1903
2943
1148
6690
7914
850
4214
5417
853
1797
7240
1984
3680
2272
343
1657
861
862
1215
759
6308
1401
5421
1933
3712
6592
3938
872
3351
3036
7109
3817
4991
3667
6955
880
1665
2790
3451
2299
947
2525
1164
6990
7328
2022
5970
5279
363
6667
1001
4448
4304
350
5990
1442
796
7457
7612
1943
1175
5732
5246
1864
7241
4248
6522
2248
4088
7626
7805
2123
6454
4535
5576
1849
7131
3691
1167
5735
5015
1567
7255
7586
6838
7317
237
932
275
5906
1342
4547
1008
938
4601
3071
2328
6428
13
944
3478
3897
6319
929
949
1023
951
915
4912
889
5122
1357
4440
562
273
3056
1326
235
963
640
317
6472
4401
1179
3607
6424
2944
5118
3963
5302
4284
1882
763
3201
738
762
2092
711
4760
7796
76
1398
987
988
3836
163
1623
992
1630
2685
995
1663
997
421
3622
1626
770
1002
1003
2644
1005
4504
838
3819
58
6801
3127
285
457
1110
1015
7785
622
732
1019
6398
3501
7365
4489
1024
7946
1026
3293
5590
1029
2029
1901
6159
421
162
1035
1449
1037
901
6357
1040
1431
1042
6299
7183
5160
6078
2667
865
613
1006
3315
207
341
1054
1197
6475
5280
1321
1577
4902
1417
4038
276
1064
7584
854
6013
1068
7214
191
3457
389
5920
3856
5081
4176
1077
7185
635
1469
1081
5027
5627
217
7666
790
1972
7046
935
1090
1176
1811
828
4848
618
1096
975
4315
6195
5356
5524
289
6036
2702
7030
6387
1107
6171
495
143
3242
6763
562
1114
2886
4211
5039
1976
17
5698
534
3164
6661
613
3320
1638
2860
2180
7550
4054
6480
4767
5923
4454
519
6022
976
72
1139
5952
1141
7611
1445
6726
1098
1231
4879
3708
7474
5927
1151
236
3336
1154
537
3584
1157
2920
5578
4227
7810
1162
7374
87
79
844
4678
1597
814
6643
5016
1526
2232
633
661
556
6539
5447
6908
1180
1980
1182
4754
6141
263
5185
6112
1188
1616
4414
1633
1192
6769
913
1506
6640
6309
326
3730
7455
892
7945
3218
487
6855
2017
7086
198
7033
3885
1211
4221
689
1198
5362
5549
7603
993
7561
1038
4606
1396
6486
1224
744
2149
7959
7228
1229
5490
4159
4670
6257
6953
7467
532
1129
1590
1239
657
5775
620
2657
5120
4389
5825
215
2228
1026
6212
1096
1252
1253
5794
2962
1963
1257
33
7693
1360
1261
1587
5816
3699
3261
1268
3923
2004
2786
4860
518
6980
7209
4192
4503
4164
1277
620
1279
5470
7259
1692
1283
1530
2066
1890
1714
607
395
5261
3512
4486
1293
154
5359
1296
697
2540
3753
5225
593
5724
3763
2751
3133
2487
7600
1263
7972
653
19
713
3224
596
1315
1325
611
416
4429
314
979
610
3144
1324
3672
6248
1314
811
1785
3291
735
4589
5445
1334
1504
589
1429
6774
1339
2512
1975
1342
984
5429
108
1346
2001
7008
1474
7207
6265
3267
4073
2081
407
1680
1299
3449
757
6744
1675
5033
4132
1273
5845
4374
684
324
6673
291
5669
5335
1424
1374
6978
3221
7396
3777
27
2068
1381
399
1451
1384
4480
2469
1387
1388
1225
2628
1391
703
6060
7327
1395
7768
1354
4937
4586
4619
264
4897
1403
2851
1066
1240
622
2259
1409
5285
5932
1141
7811
1414
1155
3229
1742
19
7679
6158
3892
1960
5706
5588
3411
1778
2534
6826
3679
1562
2003
5478
4718
7892
3904
1436
948
59
3779
1465
1419
7925
6958
6697
5270
3859
1830
6406
4259
548
1690
1262
7099
5625
2733
1456
3072
2864
924
860
7172
896
3160
7708
810
5882
2396
1468
1962
1470
4022
5897
1382
1043
7204
1476
1115
4179
5507
2691
5496
1482
2367
959
380
7891
3689
1897
7825
4862
3395
1950
51
1494
1495
3654
6250
6648
1499
1271
223
2239
1679
3972
1505
6303
1631
7083
1509
6625
7979
2019
2725
1934
5504
4113
4529
361
1747
1712
6293
883
656
7707
7260
3631
265
4377
4759
2035
1531
3896
3274
1534
1918
6423
1537
1774
6984
1540
1541
7009
1232
2612
74
82
35
5811
2893
3145
265
306
1553
1350
1555
393
934
7777
6232
1560
7318
935
5192
5572
1634
3088
926
4392
4209
821
261
1572
5911
3024
4099
1559
490
870
3617
1580
1581
1984
422
669
1585
5391
1079
725
1059
5146
519
6506
7801
3507
2484
6686
5546
7280
3891
4343
1601
2495
5076
5629
7029
48
1142
7425
329
1610
346
212
6025
81
734
161
890
3669
6556
4252
152
3784
1305
1624
1201
4032
5978
1628
355
504
538
1111
6919
745
1875
1238
779
3408
2510
2162
5993
5269
6502
1644
1645
1955
550
1648
4926
2409
6920
6528
302
5230
1219
2624
484
1658
2715
3722
2541
3179
1073
2498
5791
7744
470
1680
1664
1581
1490
1672
1757
5376
616
6228
104
5142
7667
1356
638
1682
7190
419
1685
1097
6552
1688
3850
1690
3357
3003
1693
2980
602
2448
3924
5363
7495
378
4713
4751
1282
7394
1705
1777
950
6332
6451
3721
1711
6691
1713
4071
1110
5841
729
1270
1220
4205
1721
457
4623
5765
1868
4798
3976
1209
1729
5328
1731
3161
3430
2030
1735
4062
5729
4555
1518
4911
2500
3789
2989
571
1745
1746
307
3389
6315
6680
4153
1993
7182
358
6007
3953
90
1143
955
1760
1761
5275
1488
1676
7132
1766
4261
3020
1769
6008
3021
1164
7205
5874
7102
5665
5318
2305
1786
4726
6817
1346
133
60
1501
3308
2486
1989
6971
3499
1791
7971
1793
1794
1063
6439
7067
1798
5342
6151
3742
6853
2870
2073
4581
1806
1807
94
5209
4168
4968
233
1813
1557
6077
1584
2289
3095
728
6466
1821
1829
5527
7005
1576
7401
1384
5330
2648
4967
5054
1818
597
7960
7978
5306
1430
4820
2764
1840
1523
1842
1076
62
5109
937
1847
4033
325
6031
1851
7379
5232
1854
2569
30
479
7011
7006
1860
5222
4955
4712
1864
1492
1866
1867
6004
5917
1870
1367
6014
3583
34
447
2520
244
7400
3438
693
4499
7024
341
2632
4368
1886
1887
1888
7556
1872
4078
417
2901
3170
7857
7378
1521
6557
1165
7138
5907
1902
6097
2309
7428
7966
3657
1908
4974
1251
3910
4803
3705
202
1182
1916
2284
5759
558
5548
4598
1922
7285
7297
593
3418
5030
5224
2218
7410
1751
1941
7868
6150
3295
3391
7203
4493
644
529
5398
2866
5564
7440
3880
2071
4097
7770
3078
4180
3653
1952
1953
3489
7494
1060
2544
1958
424
5442
4788
6216
5561
160
5614
7948
4452
449
319
1970
624
1087
4613
1974
4801
4719
6555
966
2207
4351
5235
5187
1983
1338
2716
1986
5403
343
6134
1990
1044
493
3068
3508
5772
7669
2511
2847
37
953
1068
2002
6917
1938
413
2006
5439
4157
6975
6174
859
3202
2010
2014
2885
5004
4443
1241
834
6083
192
257
2831
2443
3700
6143
268
468
4093
6865
4845
580
5167
7250
3241
4574
2037
5310
1962
1593
7815
2042
1132
1285
4468
1663
6052
4781
2360
810
968
4791
6273
6091
1559
2056
1347
7734
5710
5268
614
6711
2063
2064
2065
1496
1315
7588
6765
3234
5234
7247
4901
4018
4129
2076
7384
2078
4732
6464
1440
2082
6390
1021
3062
6527
7986
3768
5131
4140
2091
2692
2093
2094
2842
3778
1278
5144
2099
464
6618
2329
373
7065
2105
532
1787
5770
7841
2619
1497
5088
1355
4513
251
2974
26
1144
3039
1869
2221
695
6238
1311
5743
2126
12
6928
184
5799
2131
2132
6819
582
7590
2136
290
3467
7153
7973
2144
6205
6383
936
863
3788
6606
4882
2857
1441
2151
1578
2053
342
1843
362
1305
1435
2159
5009
126
638
4083
738
2165
2166
2167
7025
5250
5902
7329
1772
923
3398
4277
478
511
594
3460
1128
2086
1727
2515
4977
3930
3941
1399
7442
7399
2587
386
1406
7188
1643
3754
1822
5244
1807
2516
2200
214
42
6645
4373
547
549
2908
1681
1866
4046
2938
2212
4059
6193
7907
3920
1475
6288
2464
3356
224
2222
3446
258
1020
7714
1225
6909
5626
3764
3738
2949
699
6196
7504
72
466
3996
3690
7135
4949
111
2976
6289
6776
2841
898
2654
732
4056
671
7758
4434
2254
139
2256
2257
2258
6803
177
6003
6385
2263
1683
293
459
2391
1820
1452
2270
6429
5641
1277
7632
1729
6866
2532
760
34
3447
4318
6521
1836
879
5788
6722
3908
2381
2171
411
5755
2292
2249
3711
1033
2296
584
7602
6369
5190
7947
7239
7453
3461
7685
523
2307
749
5107
455
7984
1891
2731
2314
1491
887
7422
2318
2319
4608
6266
1421
2323
4635
2325
122
4347
540
473
7896
2810
1385
1723
6750
4672
1770
4431
1936
2048
2340
4509
799
3496
2420
3066
4755
2347
2339
5509
4577
7404
7282
2353
4730
1543
2635
84
1259
4077
1546
2361
369
2363
1401
7039
5881
4188
7860
5464
2370
4777
6227
2373
4617
3318
5173
1516
2378
2379
499
1203
1444
961
2067
1102
360
6376
2858
5334
2390
6701
2392
1788
575
4006
4079
6459
7888
5633
2400
761
453
278
5295
2405
4381
7351
3586
442
1889
2593
5024
1005
2414
4306
5384
5473
573
7836
2101
1246
7889
2423
168
195
6628
3246
2428
7940
6334
2431
1649
655
7217
1137
526
2822
2438
6872
1868
3566
6600
6353
6108
1368
6705
1898
246
1558
772
1507
5500
1010
392
7418
2456
4488
2458
6370
2460
5061
1575
512
8
376
6795
2467
1233
3143
7332
2471
1941
5486
1981
1348
5025
7977
1554
2479
1022
2150
2482
6166
6780
739
328
2102
2488
2688
3990
2491
755
2493
340
3010
7195
2497
2362
6122
320
246
1883
80
1666
6354
3197
744
2765
5628
1878
5407
1024
1727
2514
884
5266
2517
105
1988
85
6536
5992
4175
5014
3371
1783
2527
3307
2529
2496
6945
5873
6379
7315
1639
2536
545
841
1104
1028
1661
6137
2435
4251
425
5286
4234
798
1652
6809
6675
7449
1200
7489
5056
6587
2557
7591
1343
1915
1184
2562
336
268
4602
7665
2567
1095
4797
2097
2571
7515
3800
619
1385
6753
6123
476
1588
6194
1956
3960
2583
5311
1538
796
3626
7192
1227
6373
658
7662
6721
2186
1021
2968
2597
2598
10
5860
7310
2358
5303
666
7704
4676
2607
1282
712
508
1969
5789
3359
2614
1300
2572
2837
6051
3997
2873
2578
206
442
5967
6441
2740
3533
4938
2629
7331
6181
6032
4795
573
162
3727
3006
7254
1812
1751
1623
818
2113
4847
2645
1303
1165
315
6153
2499
2602
5455
1206
5558
1603
786
1344
3204
1656
2660
830
3099
2663
4089
3872
338
4817
1779
2623
2670
2671
7798
7678
7296
7194
6079
2085
3761
5915
2142
2247
4914
7094
2684
2772
3787
86
4162
5168
2865
1480
7560
6068
1178
7382
3674
1150
2698
2365
4334
1080
4986
4411
672
7776
4627
2929
430
2709
7242
1789
5018
2332
5995
4611
5810
5613
2881
2719
3129
4226
330
3837
3420
2463
3393
6565
882
2785
6654
5914
4461
4826
7752
7031
2736
6499
2738
4206
602
7890
428
374
7463
2871
1012
6523
2276
3285
4326
2175
852
2450
3833
2755
2756
1090
1775
3094
5945
1849
7366
2763
194
611
1189
2767
2768
100
4532
2507
3096
3603
4058
3043
3123
1267
405
204
927
7454
2782
1567
2784
7549
1383
910
2788
2789
12
1258
66
6754
7807
4821
3577
7292
2950
450
5377
2801
325
1819
2942
2316
6147
769
6735
459
134
931
5872
1392
2945
1335
2233
7373
4110
6707
2820
116
7505
742
2564
5600
967
3702
5060
6534
4249
6135
7596
498
176
899
2836
7522
2838
807
6637
3864
743
1620
2844
1208
7139
7436
541
1383
7316
1833
5140
208
4659
4495
4446
4992
1818
5446
537
2861
772
2863
2884
137
1241
685
3695
7698
1599
1991
1286
3262
2176
2875
1671
6306
5408
3899
4394
5802
2882
6103
1286
4647
5477
7143
1829
6862
3230
3310
785
3991
6773
7818
2896
7899
149
183
231
3615
7696
6525
261
2905
1308
2907
6164
1651
7569
7637
3720
1759
482
1456
3775
1524
120
6082
5621
3877
4742
2923
6616
2925
6218
7314
2928
2052
2204
2931
1258
2933
4142
2935
7646
345
1969
4679
985
1865
6858
220
2589
1706
7154
4832
1967
5274
4551
1144
1716
2953
1177
1710
4225
918
124
4464
7125
1832
3388
1881
836
2158
4728
2967
435
706
2680
7348
4125
6366
6443
778
157
1939
2978
3553
7215
7421
5684
7790
2984
1628
3232
2987
1924
5714
2990
6446
594
5346
437
1851
4664
1740
2998
5931
2926
3001
4494
7388
4086
3005
2125
4563
3235
7847
7487
59
3012
2914
1862
3015
4330
3369
914
3019
1768
1570
7634
4886
6381
3821
3026
3436
3028
3128
3030
4186
5070
3033
1848
3035
230
5365
1736
2119
709
491
4674
4141
7969
2387
1233
3047
5537
7430
2266
5150
3052
3053
3054
7364
4117
6305
7580
3059
3060
4558
1034
6733
6182
299
6831
5045
454
7682
3260
940
917
566
3397
6547
1077
2214
337
4281
3080
5147
3082
1320
971
140
5745
3455
982
807
2890
802
2554
7216
4106
2762
2542
844
7043
6738
3100
356
3102
6284
3104
3539
7740
3107
401
3109
3314
6392
3545
6161
3114
5630
1190
3304
3118
6868
843
3121
4197
5401
2791
1557
3126
6168
175
1119
2570
5746
4108
3240
3085
7462
3136
1734
840
3139
1229
37
878
1018
5069
2674
7419
4950
3148
995
5388
5327
656
6485
4241
7736
6435
1481
7636
1737
6544
1252
4552
3163
1122
3165
4369
1895
1900
189
6626
3321
6941
1792
1234
4161
7381
3177
436
4358
5195
3181
394
7597
1104
3718
3186
3187
458
5381
7060
1845
1838
1471
3194
3195
4163
1808
886
376
4044
503
1759
1985
7171
3205
1462
6879
2867
3525
1996
6173
1310
7231
4050
2313
1714
1054
2264
3219
3220
4283
3222
113
1835
4594
3226
3227
3228
312
1183
5883
6481
531
2070
5806
1047
243
1753
547
3854
3745
7015
6291
6240
7068
5467
2932
3248
5114
6720
163
4472
2188
3254
5257
6927
3257
7012
1697
4386
722
6633
4105
2679
3029
5555
7243
641
483
4123
1744
6327
3273
6583
1649
1844
6642
6262
610
961
4048
2640
3342
3284
2459
977
3169
4722
412
3290
1443
5591
7353
3664
702
3296
1803
1137
3299
3300
795
293
398
817
1483
5423
4816
38
1704
2502
1852
3655
7108
6432
357
1860
4084
1060
320
6363
507
2608
1461
3324
5691
3544
1956
2324
4458
6270
206
7566
5410
7118
3335
5814
3337
1371
1376
3340
4465
851
1622
7913
1552
4135
281
5161
3349
282
404
1946
3353
3354
6452
658
3490
7218
1454
3360
1993
977
179
7358
1154
5587
5736
3368
3017
3370
7375
1821
2189
3876
5722
5658
455
448
274
7403
1611
3382
1486
5727
463
6084
5050
2281
1748
4811
6991
1003
6508
3394
1861
683
3074
1824
7303
801
4085
93
7598
414
3405
4763
2141
515
406
2317
544
7352
6188
2879
1853
4313
1486
1245
1390
5972
2533
3079
5241
4187
6770
142
3531
7582
3665
453
3431
906
3433
3434
6251
5901
1839
7576
758
3048
3441
5437
461
3444
3677
609
1599
1693
2441
3621
5512
3452
6937
2930
2230
1961
5697
3458
5424
1544
7152
283
4889
63
4213
4462
1932
54
5127
3470
6252
5712
3473
788
3475
7871
3477
1848
3479
551
2036
7389
3142
3407
7513
6190
3716
3936
7464
3623
6065
4957
447
6778
559
270
5463
3498
2384
3543
2084
3502
3503
6517
5779
3506
1043
1994
5221
3510
170
7962
3363
3514
4460
975
407
3057
306
371
3616
798
405
2059
2809
6911
5013
2453
3529
6355
4999
5670
2895
985
3535
1459
3537
6856
2829
1294
4323
569
3500
6672
7200
3546
2008
3548
3813
3550
187
41
5006
6842
3555
3556
521
4898
3559
1955
4337
3280
1640
4695
2161
164
2041
792
819
3570
3530
1850
2506
2641
4178
740
4021
2311
511
5843
1102
5288
4564
5895
6768
6482
5562
2714
1841
773
3591
3592
5097
7900
7791
4264
460
5105
2550
6461
3601
3602
1793
5368
3605
3518
6950
4648
3609
5623
6805
865
1915
4490
805
1708
1576
2288
3619
5913
6843
2187
5373
2697
6906
5638
3627
1855
1950
4455
1429
5082
7417
1478
6030
3154
4772
6300
5741
4851
3641
3642
5657
232
3946
3275
4973
3648
245
546
3832
65
452
7444
1183
1501
6839
3658
4280
3660
5152
372
6365
2605
3492
5998
2876
7743
5262
4137
3628
5541
1275
915
4466
7002
2705
753
2426
559
6996
2336
2955
150
7877
2083
2143
6512
3380
761
1803
4844
1223
18
7369
2996
3697
408
4750
4300
5717
1498
6687
6694
1563
1856
3707
1176
6298
3710
7839
6492
1327
3714
7732
6603
5471
1105
3719
4325
1710
4894
3093
3724
1249
1665
27
2699
3493
7361
3802
3732
1925
6794
2539
7998
3737
303
1940
4506
6342
727
1474
3744
232
3746
905
1940
522
561
7258
437
7409
1242
1532
6818
546
3758
3759
5048
1584
4836
3801
5959
3765
3766
417
3841
6932
1845
904
4324
3374
1071
152
970
5281
3931
1701
6635
6891
1846
2839
2080
1804
239
2753
2146
50
478
966
2730
4520
4270
2089
767
668
1452
1541
400
5980
2114
3646
6716
3939
3638
7142
809
2891
3810
500
6983
1738
2812
3815
1084
1333
3818
4984
1840
3018
1184
6320
1502
1637
2669
969
6172
432
3830
4927
6017
5358
1758
1081
6272
4345
565
2590
5773
587
4339
6681
1037
551
3846
623
1835
4839
6421
174
3852
2672
1726
495
6861
7747
1600
7559
7555
7354
3862
7660
7876
3865
5896
7812
2127
3137
963
1761
1421
7527
3874
2369
4127
723
1965
583
160
3881
7493
2630
7144
5693
1782
5229
3888
4539
3890
617
4557
1473
1647
4872
5663
1909
33
1465
5836
7224
5942
5875
730
591
2286
1957
7786
1273
5840
3911
4492
652
1742
4918
1953
4989
5649
5240
2216
6967
3086
3487
3171
5058
1874
3663
6568
3929
1013
7076
765
5533
4741
636
1804
4467
304
5644
1900
7339
1510
24
3824
4359
1394
4312
2294
3949
3944
7169
3952
1602
1965
7300
3956
1431
1607
1554
5072
3961
1437
6846
592
7793
3966
1179
4024
117
1446
7854
113
762
6825
3975
7469
1324
1720
7788
5326
3045
7170
2823
5571
363
5111
1289
3386
3989
2028
1718
3992
3002
1168
1351
2238
7639
7799
1528
4000
2034
1927
716
4004
7510
6746
2380
927
5238
1067
754
4012
4013
4014
1543
5409
7870
4644
1872
4819
7623
3347
2804
964
4800
7288
4027
1489
1375
4118
4789
1448
5640
3432
1558
6296
3526
7867
7123
6105
1391
1402
2104
250
2300
994
4104
2185
3713
5075
1314
4039
5884
4319
2979
7589
6491
6709
2213
1167
4688
7265
180
6321
142
768
4067
4068
410
1204
1035
4072
4244
4288
1405
4076
1306
1377
7460
4080
2717
1612
7514
5481
3661
101
409
2958
2522
7565
1108
659
1973
5929
530
4096
4972
7371
3092
49
5937
1701
925
2211
1359
1552
5784
20
910
7802
919
5406
4951
4114
439
4116
3352
1264
4119
2824
1651
1410
6337
4124
1180
3122
1348
6590
1582
3889
6093
1811
2627
2869
5011
650
3070
5043
7488
5826
4652
1302
1806
4094
4145
273
1288
4148
4502
903
1719
637
2658
4370
4155
5821
891
6267
4880
4160
5672
7929
4420
3155
3008
4166
4167
1186
5341
1010
4171
901
6255
3970
5063
1836
6440
4546
387
6820
2553
1012
1511
4184
2237
2418
2170
4181
3676
1537
4637
3112
1736
4194
4931
4196
418
1749
6574
4979
1958
4202
2297
7764
6498
1526
443
721
632
4210
6723
4709
2843
3675
2191
3986
1741
1987
222
6659
1978
4222
1910
6884
1256
3422
5231
1920
4170
3313
231
6652
607
2547
4235
4874
3981
4238
2604
7413
7917
3403
3366
5103
3428
1788
1136
5666
1195
4250
2196
4001
1562
1480
2474
6578
719
7168
165
3341
3437
1280
4263
1880
5399
5824
333
3209
1556
6169
2335
324
4273
3995
4275
6197
6133
4278
4279
558
4534
7804
3915
7446
520
1074
7620
1732
367
199
2494
6380
1863
4036
5866
4309
1583
536
492
1618
1041
5983
1322
4289
5753
2115
2724
7918
734
5468
6192
2157
1250
5197
7098
1146
6519
1453
6759
1957
1461
550
4150
4866
4909
182
4327
446
2447
680
5308
643
1596
1432
4335
1905
7862
5956
7272
1337
1174
920
3429
1594
827
3233
5228
287
88
3652
6132
2198
3332
7290
793
2927
6821
301
3943
6513
6384
28
1254
4364
3743
5707
2351
563
3166
396
4371
4372
1235
1364
3803
2696
5479
1216
1288
4380
2406
5898
1506
4384
671
1705
4983
959
1042
6405
7199
3630
992
968
4543
1825
7521
4398
4399
5436
727
4305
2703
7459
777
1124
3575
4408
4409
6367
2152
7220
2752
304
3715
4416
2545
3268
1069
630
3152
5679
5008
1025
3807
1874
957
4428
167
4430
6254
6589
3560
2366
4262
4436
4437
7537
1450
5051
4441
7718
388
7432
929
2452
5
599
46
7759
263
7490
252
5239
6281
1519
4457
1264
1194
2530
3214
7341
5889
7649
4354
1239
3571
178
1571
1219
4471
2246
6702
7485
2334
7985
3367
1214
6852
1645
2883
1547
5721
4484
809
5289
5370
2302
1542
4501
3494
4383
695
2455
5887
4496
4497
1329
4043
2599
4807
5115
3867
6449
1780
5353
3330
4508
2341
6290
888
4842
1753
3629
125
6885
1002
415
3827
4375
840
1686
111
7269
7546
845
4527
4528
217
2720
3176
1261
4929
4260
4827
673
4852
1133
2937
6854
7688
757
6236
4544
1688
5933
936
7711
5761
4550
892
440
5276
4554
3200
524
1518
6090
118
4560
225
2109
1722
1122
4565
6242
515
1635
2466
3521
5963
4572
4573
2951
4575
1771
428
1724
6899
526
1805
7692
4583
7535
2433
676
5696
6297
858
7519
6696
1162
1810
3225
4595
7774
7129
6822
4599
4600
1795
6062
1739
4604
7289
3213
4607
4474
331
6799
1509
1592
1605
4614
6496
1330
4873
5730
1262
4655
2964
4622
7383
957
5783
4605
2383
7987
1712
4630
4631
6053
530
2528
53
7095
1339
4638
229
7313
3281
4642
155
3740
16
86
7855
271
7268
6787
4651
4924
6433
4654
1883
4656
61
871
2032
1211
1995
5586
3014
4257
5742
342
1862
469
7686
336
785
6101
2816
637
4074
2606
5389
6318
3839
4680
4681
1313
1500
1159
5092
5194
1036
7393
1170
6418
4691
797
3206
1172
1914
4011
855
5458
2424
4734
4701
1640
6261
7202
2359
2821
1568
4708
534
3799
1992
6516
3443
1897
2568
5678
5
1015
5749
1281
4721
877
6074
1232
5443
1838
1372
96
5336
2354
1291
3113
3468
3527
3283
4736
1269
4711
3869
4740
5655
2172
4743
1296
7141
1890
4747
5320
2579
124
1108
7728
3076
201
1078
871
6757
6849
7078
5071
4761
3399
2959
6845
4765
895
6494
4228
6071
5950
747
1598
57
4774
606
4776
2621
4778
4779
7175
583
4782
7878
4784
1479
7654
5217
2802
4031
4698
3643
4669
5604
4794
2633
4961
474
3256
1773
749
349
2398
2451
632
7775
348
242
4307
5301
4810
5085
4812
4813
1566
1608
1413
814
4818
7614
98
2538
707
6964
4824
4904
4322
1660
5671
170
42
1728
1445
2582
5787
2603
4928
2509
2639
5677
922
346
424
4843
4172
2625
6575
6888
1423
5064
7001
6111
7558
7905
7126
1140
7120
4857
739
2743
6414
6531
997
873
1598
5233
5809
55
6422
5243
6813
4871
7663
313
5347
2312
1055
1832
3301
4396
3404
3774
2135
7079
91
1578
3027
1514
5602
208
4890
819
6349
5254
718
5989
847
5876
883
5247
2206
5514
7072
1659
3309
3421
1756
6442
5360
3519
6015
733
953
4913
7727
4915
1646
1654
6438
2661
1650
782
2853
4923
312
6142
516
6981
3762
1057
3416
1814
7903
5413
3688
4935
536
1621
4415
1726
6076
7161
6225
3153
4944
4945
3427
4947
556
5260
6067
956
1703
7497
4954
1168
4667
5166
4958
317
4960
3834
3634
2828
1202
2773
240
1447
6264
4969
4987
1280
5087
3647
2209
4975
3644
7856
4744
2411
4980
2088
6614
1982
491
4985
7641
1357
1101
3276
6271
3042
1212
4993
1615
4995
1878
5554
4998
6576
7479
7543
3294
6836
4223
5005
7606
5007
1276
2020
2880
5393
6338
3984
2723
1163
572
2117
1590
4657
888
5021
201
2217
3251
4365
80
1082
1619
1146
506
5135
986
3820
5034
6977
4511
6999
433
1560
400
1297
6670
846
4382
568
6863
617
549
1892
4790
660
1771
202
1831
574
6609
6057
7177
3175
259
3739
1169
3055
4849
5065
6412
1668
11
4620
338
7880
1027
4299
449
2677
3250
282
1656
626
7780
4519
1536
147
7227
4316
5086
4341
130
7944
1636
1876
5278
1293
2917
5095
2133
479
7921
1869
4242
1907
5102
1846
5104
4064
5106
4121
5108
184
748
1175
513
2352
5580
4478
1706
31
5214
7575
3013
5121
1604
5430
94
4903
5518
505
6668
5129
2095
2261
5132
5133
6322
7097
5136
775
5935
720
1254
5155
775
1767
224
5215
4566
601
1049
1899
6400
6848
5870
3237
2285
7827
6415
2653
5158
5277
2615
4802
1128
5163
390
5165
6215
248
1913
4515
5170
134
3735
1535
5635
5652
3211
4757
2988
145
3182
2849
1058
7052
7166
41
5781
4017
5188
3706
2963
5191
4198
3932
332
3940
5022
4943
5198
1472
2242
3918
3198
1893
6985
1689
1631
2775
5498
4883
5210
4548
1318
831
684
3125
6524
7063
563
3023
665
210
946
5387
5002
1381
1330
7613
1331
1215
1127
5790
1978
126
3174
1440
7659
5000
1222
5953
1877
107
5242
999
1621
4103
5949
6469
794
4775
7134
5251
571
3409
4291
601
1395
3255
5258
5017
5595
7942
2357
939
1243
5265
753
5267
1931
5143
79
5852
5272
863
919
7093
5253
28
2140
6416
5125
1378
2444
1236
6361
1853
7715
4696
4507
5322
6061
5487
6043
5293
5294
7784
5296
5379
3522
7547
1047
135
750
4835
2208
6374
2386
4609
6144
2848
2192
2210
6000
991
940
2549
4005
3406
1397
2757
4748
167
1443
415
355
5325
1681
4771
1776
2009
872
5331
247
5333
2226
3796
4349
994
1405
4362
793
970
5818
6139
5066
1210
2993
6455
783
806
5350
4567
6857
2620
1053
2535
4876
5357
7640
1490
4908
7509
5189
248
3188
3568
82
3797
6358
1471
3968
3666
4042
6808
2868
5375
1674
3185
5212
2792
4643
2689
5382
862
646
3058
912
6915
1070
3338
5390
7073
1876
7167
362
1311
5396
5397
962
686
2854
1998
6864
820
1780
5461
722
2155
3410
0
527
7828
5412
5469
1274
6113
2711
688
1270
1700
7356
1966
5422
1685
7302
3098
5426
3279
471
1403
5123
6683
4267
2044
5434
4030
6969
4410
7806
1525
1133
2229
5565
912
213
1479
741
1178
5448
2255
4867
1902
5452
1365
193
156
2794
1921
4856
6483
4266
1294
456
5686
271
1538
2427
197
5928
3505
7414
7164
3344
2664
6685
3469
1212
5733
6736
6554
5480
5186
3350
7813
5484
5485
6202
7165
1195
5489
2518
5854
1308
3167
5494
1930
4342
833
7618
329
3516
1400
710
5503
4505
566
3138
7263
586
360
4878
5511
603
6089
1602
4367
1312
6375
1359
5519
5520
4692
1099
5523
327
7437
5526
339
5528
969
3495
4459
552
4578
4700
2655
7119
1125
5112
3640
3423
4942
177
996
5544
847
1906
5501
4477
3581
6829
507
5552
5553
5522
7652
187
6970
6566
5559
2262
1677
1377
1145
419
1579
5566
2666
996
1298
5570
1149
5128
974
1334
5575
4111
2110
1011
2397
5619
6463
5354
6669
1624
7232
4662
1004
1467
1038
4191
353
5592
4517
4412
7748
5596
5597
313
5599
4895
7023
3662
5603
789
375
7038
6042
7088
5609
5610
4391
951
6828
612
7193
1207
1790
639
91
1400
4144
584
7965
4597
1309
808
2372
978
7879
1414
169
1879
2399
1629
6230
4442
5637
1237
839
6131
6830
4603
1350
1570
7275
5646
6998
5648
4482
4687
1302
1723
2304
578
3593
151
3822
2275
44
5660
5622
2231
1313
3065
1732
3069
4846
934
1109
4063
1213
5647
2846
5674
4047
1824
7532
3305
7975
1149
5681
5758
1039
2707
2966
2941
5687
905
5763
3326
7638
1017
1372
1764
5695
686
3988
1322
7458
7954
2700
441
5940
6125
703
1423
2732
5708
606
3524
5751
3472
3901
1117
1124
310
4932
5718
2855
5720
4705
4302
6533
6058
5725
3755
879
4112
1407
4618
1573
242
6719
5909
262
1920
2074
6237
2900
6029
7821
1857
7557
5731
7808
1951
6728
5886
4959
5032
4247
311
368
6956
1720
4808
5757
6283
1918
6810
4549
5971
5264
3378
6478
5766
4346
5768
5019
7363
5858
869
7782
5395
257
5776
200
6993
1085
6630
916
921
4053
6627
4916
1731
4271
1028
333
71
125
5792
5793
250
443
499
463
5798
5822
5551
855
1517
7687
768
5981
3781
5807
1380
3772
1235
3585
5812
1921
6317
2595
2909
75
1226
5819
815
3902
1112
5823
533
1817
4707
827
4204
2489
4714
7309
4864
6553
856
5835
2960
1318
937
295
5202
3564
4338
6312
5844
640
5607
1101
165
5849
6351
5851
861
5853
5491
1605
489
7949
3031
5859
4675
590
1825
5863
1907
2729
1202
1361
5868
5869
5817
2194
4203
308
516
5676
4385
5877
7256
6514
6445
5767
1854
4400
2826
5997
1783
3597
289
5803
5890
2096
7983
3032
801
1548
662
4427
1050
5418
5200
4906
825
7795
249
372
644
6364
705
1976
908
7701
1332
6537
1556
6890
1482
717
118
1802
1274
6175
5922
7846
5924
5925
4888
874
1698
1106
1217
3412
6772
1912
4403
5582
254
4101
5938
1131
1487
5941
2000
2201
2735
5256
4049
5124
5948
3914
7672
1485
4190
399
5954
6275
156
6165
5958
4360
3549
540
1672
7501
5964
2971
7735
2576
5547
5611
554
2478
581
5973
5974
705
328
5605
77
1606
1498
6997
6343
6453
6972
4173
2057
5987
5988
4702
3051
7114
5460
65
7013
1647
7938
5969
7508
5999
1760
1627
488
2508
6507
7794
6009
6102
6730
5879
6010
6011
485
1240
539
60
7032
6647
3982
1828
3576
3266
776
3964
4645
5029
6026
81
2402
7338
1191
6560
2492
991
114
6035
3329
4237
5639
1934
1477
6041
323
707
5921
2470
1094
6047
6048
5364
2682
3562
2047
4632
6054
6055
849
7684
5084
2636
914
6636
1051
7739
197
7771
5432
5348
5634
3135
6070
1896
2241
6073
1092
6075
4034
3183
6954
391
2924
1939
3328
3685
340
1943
6086
1075
6088
1492
659
3038
2
2193
6304
3870
1121
4245
6957
6099
1667
1123
3736
1655
70
5383
6106
1103
5317
1203
557
1320
6929
509
6114
6660
186
1577
5979
1565
2220
6546
6827
1410
6124
776
6126
6127
7886
5068
6107
1323
820
4717
6692
5642
6136
3162
6664
7830
3595
7642
4469
4994
1891
4773
5747
423
3445
5249
1470
5098
7545
3097
6287
6766
1593
3343
344
4900
7245
4933
3878
3871
3345
1387
3199
6930
3909
1289
1639
3231
829
6608
6545
826
5433
6177
7335
123
1098
7284
22
829
7450
4636
6186
4542
6044
6189
1831
780
4311
1702
4639
2889
6292
5618
5982
2138
4838
791
6611
1596
6204
155
6206
2163
6208
6209
590
6211
619
784
685
1971
1230
3752
3484
5462
3898
1327
6833
38
458
131
2401
911
5207
2345
266
4576
5074
2043
2911
933
7787
1547
4463
900
3244
6467
158
5778
7681
3906
1388
1944
1536
5685
835
1265
7540
6253
4147
1721
1009
316
345
3007
5483
1328
1086
1153
1115
1968
6450
7330
6268
1408
388
305
2446
4041
397
1172
4293
6277
2260
1667
6280
7894
6282
7155
3103
2061
1464
307
5574
990
354
1968
1981
6783
3534
1052
4294
1245
1013
3645
286
2744
6302
6085
6094
2787
394
7958
7307
3983
3037
427
1800
5516
6129
4483
7897
832
3425
3639
2227
4185
2638
3466
6324
6311
1453
6028
4588
3574
4953
4456
1159
6333
7082
718
2245
842
6597
4239
3471
3804
837
646
7912
3415
6346
6347
5476
1586
6350
2283
5415
4055
6792
5449
6356
845
3604
454
4040
5284
171
2551
4439
764
2461
4081
6368
7650
182
6371
1885
5171
7911
5719
6520
1093
6378
1549
5796
5645
6382
6
299
867
1660
6226
6388
7156
596
965
7615
6393
1319
2301
4716
6397
13
5694
1850
3448
3172
787
6695
392
3922
6739
1125
2591
6410
7719
4363
1437
1007
1472
3887
7128
3835
864
6420
5304
4189
3770
2997
6425
774
7844
4002
255
6430
6431
1088
6001
6802
3156
1478
6437
1411
5606
4177
1166
4102
1801
6444
4208
2504
627
6448
1522
5324
254
7264
3339
917
670
1206
6457
6458
5178
6460
7477
354
7762
3847
4154
7053
4405
7471
2916
967
5435
6510
6904
6474
1777
6476
339
1995
5456
5598
3858
2408
5581
6484
754
3173
6487
5394
3435
5157
4057
1882
6493
2563
3189
6688
7286
1548
7875
1181
5653
1416
3849
7443
2761
804
1451
2244
5832
7834
745
272
986
1197
6160
1614
128
1888
7789
6037
4207
4152
2747
5459
46
3385
6098
6662
3442
4387
4861
1438
885
3750
6535
758
1200
6756
1795
1248
2416
6542
1659
1263
7779
5450
3263
1214
5709
6550
1256
6860
3217
3236
1574
5174
6146
2936
4146
2051
7415
6562
1004
4893
3588
7657
6567
279
5199
1661
958
7390
1292
4834
642
7408
7319
4256
667
731
115
4715
5833
7074
1362
6586
6943
323
898
496
528
92
7376
5705
2404
6596
4837
2298
6599
7308
5438
7323
6797
723
6605
1919
6198
2899
5542
6610
4449
2015
7420
5994
6615
5680
5573
7468
4649
3041
1550
3040
5734
7769
7574
4585
427
1351
6629
1522
207
6632
109
7112
7424
1961
4634
6638
408
1040
335
1341
5955
812
2203
1935
1295
7191
6649
4336
1488
6399
5287
1048
500
6656
5996
3424
1616
3077
3025
3980
6663
3362
6584
6666
1664
5245
3855
1913
6671
3140
7036
654
1885
1754
4424
6678
5183
2592
1600
6532
2722
2862
7181
3192
4331
3879
7116
3523
436
1349
6693
3157
1762
2616
359
4626
687
1963
1698
5754
4421
6704
2577
2184
3551
7334
2337
64
1684
6558
7035
579
7080
3692
2410
7048
3049
4770
7252
2025
6905
1893
6725
3303
6741
4896
6729
127
7148
3771
6285
2805
1717
5180
7992
2948
7721
6740
5539
633
203
7221
6745
524
2139
6748
6782
5991
6751
1505
4562
2007
1977
7630
5037
7496
377
6760
4229
4963
2278
6764
897
600
23
1711
2269
4952
6771
5808
4183
894
6775
647
7225
3955
2477
7105
4269
5737
5636
1345
6785
6786
7320
1169
649
2128
1670
2814
6793
98
4727
6796
486
5934
1797
591
6119
6580
6276
6804
7456
3158
1643
6326
322
1625
6811
6812
1131
1158
5040
6976
1363
357
3146
5273
161
5865
653
6824
433
2965
7081
5305
5138
5968
7066
5764
3084
6834
6835
1638
1466
6222
924
2686
6841
3838
2561
5690
4764
6335
3978
3486
1325
451
5842
6241
691
7551
6046
4352
4395
1085
64
1629
4075
5096
1014
4941
1899
3528
3857
3119
747
882
4752
1156
6873
2523
6875
4922
1763
1397
3383
6880
2710
6882
483
294
48
5156
6887
2062
3392
660
2693
4070
166
6894
6895
3064
907
102
4579
2594
6901
6902
1080
7578
7368
1792
909
90
6653
210
4962
2983
1826
7567
6974
6916
1657
665
1191
3693
5704
7931
5711
3561
4481
7475
5550
358
939
4940
5117
5151
4413
6934
6935
6936
377
3373
1344
790
6402
253
1459
6582
2531
6946
6495
1174
4052
6968
6951
7761
3115
4887
4854
570
1682
6201
6959
6960
4706
2894
595
3465
7085
2584
2376
4891
752
5557
5579
6713
432
5149
5329
7057
4694
2417
6979
1858
4749
1484
1290
1898
1109
6986
1529
7044
1218
976
5848
1238
6245
6456
2713
2393
2023
129
5659
7000
2552
2267
1687
56
1785
1065
7007
22
2946
7010
7512
7882
6617
1326
4559
5119
205
6832
3061
3050
759
7022
6924
3
7047
7026
6020
2695
7539
5454
1246
5392
426
1094
1435
4287
7037
4444
3791
1422
1361
15
5425
5369
7045
1088
103
7765
1123
7050
116
1210
823
5351
370
5488
137
6896
7599
3190
5299
7062
25
7816
1768
1815
1099
3245
5589
938
7071
2449
6571
1635
7075
6987
900
450
852
7206
1595
6559
2134
1773
2818
1207
1942
4592
234
3108
1281
7092
543
344
6269
5903
616
1113
402
3578
7101
6938
5345
4828
7087
122
4199
679
7976
7110
5427
3842
7113
1129
7115
4131
7312
434
3959
7049
7121
7451
7516
2902
481
645
4545
3488
614
7130
6471
1332
7392
2939
4633
3958
7137
7629
5203
3843
989
1765
7435
1901
6644
7146
5314
6676
4268
7150
7151
4533
2190
6323
6878
1991
7157
474
2827
67
6116
5028
4710
1097
3701
7593
337
1827
200
6203
7843
6623
7173
6087
4735
6294
4470
6295
494
5386
296
628
7927
7873
1078
5829
4946
444
1724
5738
128
5699
4404
557
1007
1057
4475
1106
3795
5499
1446
7722
6348
3671
5083
6620
1799
3497
1468
3034
4640
1717
7213
1069
2338
2800
2377
1662
6148
2952
2481
7703
2981
6921
1194
6246
3567
6152
7229
630
2558
5585
7961
95
3637
4720
4668
1924
649
764
5662
1697
896
5428
6703
766
47
2156
3696
7014
7251
2681
7253
3439
3811
1809
7257
3751
5252
7624
1741
7852
1910
1658
2475
7266
7267
6619
1877
3729
7271
1696
1278
2799
6217
7276
4435
5172
7279
570
7423
1929
6714
1949
7536
5831
1945
816
837
318
393
7957
7293
7294
1493
7730
911
4537
517
6892
310
693
6411
1209
4724
2600
288
836
3612
4982
7311
1861
5713
5094
3322
2429
2454
4612
96
6724
6362
7542
6602
2817
1847
6095
1533
1295
1218
3599
1527
6178
993
7601
295
5248
7337
110
4143
5315
2058
7342
7367
2112
3215
1113
6564
5716
4060
7350
4570
6897
431
1072
5036
5420
1980
173
7359
5176
3207
786
1999
2749
1842
5916
2808
4
5255
3509
5715
7372
5041
2830
3243
5795
7377
110
6942
5701
4531
7772
3375
2077
7385
2321
1199
420
3482
7439
932
4684
6700
704
497
4310
7041
7398
6684
1911
767
7096
389
1297
4939
7406
1118
724
2265
1930
5682
5740
1091
279
6561
3790
3454
4996
2678
6417
1926
7233
780
5667
4783
678
6394
3286
1402
1001
1460
5893
3840
7434
6274
6965
4677
365
1373
5208
6918
7553
6598
6708
7445
6758
7447
7448
4875
875
1992
544
7963
5475
5656
1053
3464
218
4805
6092
1998
196
4785
1642
1186
2505
954
3608
3919
1970
1190
7230
7473
3265
6468
7476
7461
76
2108
1409
5515
7482
545
7883
7627
7486
1234
2368
950
1360
1469
7492
144
1822
831
4115
887
7498
609
7500
6966
1111
1477
6563
7244
7502
7507
737
3105
3331
2835
144
3625
5372
3
54
4025
3009
6674
141
909
2252
1654
7524
3089
2718
2588
25
7069
7103
7531
2348
6889
4402
504
4948
7262
7538
5785
14
1438
1161
4833
7544
690
4814
5441
3292
857
2330
7133
1704
4787
6199
140
3538
726
2432
2012
7212
1046
7562
2919
766
4090
2476
1750
7568
921
3650
714
1071
7573
378
3866
3747
3316
4731
7904
6698
4666
236
7583
6886
7585
1290
1426
471
214
7111
4265
1579
2205
553
7595
218
3208
5100
2436
6913
5193
2240
5307
6595
327
1555
7607
7261
1852
7610
746
6541
1648
3022
1945
2024
2055
5113
7619
4130
40
7622
7635
4921
823
6949
5538
4224
6
682
1454
672
3656
4524
654
5985
4510
5031
4646
1545
286
298
420
2877
3288
2850
7647
6033
7895
4095
4725
2437
7609
1251
258
4925
5297
3613
5236
7717
7661
68
181
7664
1196
4822
1502
1653
5510
1062
7106
7333
1018
3596
7675
5703
1418
2413
173
7680
3598
5216
4069
1201
925
6655
6313
412
7689
397
269
5616
5944
7694
291
2375
302
1436
1937
1935
14
7702
4417
4590
2468
7706
1929
1767
7433
7710
3782
7712
2954
1399
4479
7716
1265
2646
6579
7720
1074
6221
4476
3723
946
5175
3212
5201
7729
1960
3311
6732
2279
1466
1464
1343
7737
3893
510
881
1424
3816
3933
1155
2050
7848
6339
648
503
4120
1152
1776
4804
7754
7755
7291
404
542
4981
460
3994
1650
4169
6336
6156
4580
535
1247
3977
3863
2412
276
7344
4596
1669
5226
1375
5910
6403
2776
1394
2310
1457
3950
5800
7910
1447
4756
4317
4274
359
7792
6039
5828
215
4298
1247
7059
83
3728
5159
6588
7803
781
1056
5283
7523
1117
7809
4286
3717
679
1609
7478
3081
264
6200
3942
6526
7820
1485
2124
1416
4388
5891
6490
1857
3805
298
1061
7831
7832
1310
284
1743
3967
2490
4769
4376
1949
3297
7842
2060
1983
3928
4133
6511
5540
1139
525
1300
2039
777
1066
1404
1931
157
7084
7859
7924
7162
667
696
7864
7865
5344
5943
5756
7869
3780
3476
595
269
7874
983
1695
7343
4693
704
2656
743
3258
6210
4295
2268
6551
7887
7885
3579
3180
5366
7750
1757
897
5643
4525
3985
444
1604
7370
816
7902
3793
423
6717
7884
194
5219
465
6427
32
1496
1530
699
7915
2737
6883
7472
6994
315
5517
6477
3794
364
1309
1787
771
7928
2634
3511
1800
3678
6130
1333
7935
2111
7937
3547
1591
4582
7941
5080
4829
7180
3573
6973
1630
2573
4029
7950
1153
4023
7953
1224
7955
7956
869
3536
2422
2690
100
981
4936
787
5204
1906
3582
7968
3044
66
543
2832
2548
4361
5044
3792
4780
3848
4587
1100
4087
3481
1884
792
1796
2087
6503
7470
7989
7990
7061
303
133
7994
6850
1304
1462
2153
972
