0
305
249
521
40
290
364
320
368
245
273
227
12
553
221
15
81
394
119
554
185
341
375
304
393
157
314
58
28
25
304
429
289
33
48
530
306
339
123
302
215
372
232
151
183
63
77
61
9
197
230
51
144
464
225
60
162
91
187
73
172
92
3
194
224
334
16
114
95
278
44
202
329
73
13
150
337
426
59
282
463
27
78
83
267
131
274
87
143
406
287
67
348
408
181
322
500
58
540
568
21
362
134
43
207
71
50
7
113
158
156
111
565
190
590
381
116
174
115
74
120
161
327
11
377
299
376
423
397
250
230
443
132
76
574
360
332
102
309
139
335
221
211
347
367
535
259
163
40
324
233
135
238
354
164
532
594
84
422
140
294
390
322
558
208
263
166
239
376
392
98
180
361
331
66
41
174
177
264
100
511
584
39
541
527
452
148
552
257
297
190
78
357
193
235
355
196
505
300
352
53
193
107
195
5
127
402
201
268
209
284
445
310
213
359
593
216
283
276
349
203
293
333
77
44
509
484
557
312
109
75
578
104
233
96
143
159
268
30
415
75
529
94
324
6
126
64
133
212
251
561
96
236
421
102
118
256
26
258
583
253
261
103
175
213
303
62
168
326
89
270
531
291
1
172
465
275
373
103
555
319
123
149
36
154
83
471
287
288
340
384
209
208
293
482
295
126
560
191
206
142
378
285
298
513
155
69
281
336
248
412
359
323
12
468
23
269
343
481
113
271
23
382
110
503
325
132
211
228
71
321
25
243
333
375
134
170
136
305
70
428
433
363
317
137
247
432
20
271
137
108
266
32
353
153
178
286
299
87
331
388
317
439
335
42
365
124
450
162
369
104
203
195
110
374
342
178
285
586
252
29
404
382
135
35
571
386
260
562
52
319
533
262
179
394
120
169
405
326
399
61
391
2
478
219
589
386
1
8
364
524
30
196
74
218
229
105
17
18
366
85
17
388
508
579
199
365
291
13
567
462
97
458
33
147
64
204
37
10
441
167
347
42
117
3
436
98
596
37
106
20
0
52
222
547
234
355
352
398
35
387
130
346
185
512
537
63
252
68
353
339
261
270
226
160
15
377
403
72
467
587
127
2
389
199
99
242
358
88
215
198
255
117
93
94
351
273
51
396
368
318
101
577
397
171
105
297
244
108
93
575
111
278
139
114
296
354
545
200
119
384
538
122
495
124
47
249
205
100
334
228
363
472
344
112
434
473
112
295
19
580
254
551
204
400
272
194
367
101
149
38
9
152
236
265
595
373
31
435
140
60
167
46
289
86
490
380
72
298
169
389
279
581
366
55
260
283
528
395
383
440
251
504
479
253
97
309
263
378
189
121
181
192
544
66
356
248
453
151
265
267
259
202
220
519
218
206
393
150
325
387
90
212
310
327
461
216
217
340
56
220
21
279
275
470
156
205
223
361
430
510
392
381
6
146
125
546
8
272
168
235
241
242
131
491
380
246
247
28
446
506
200
419
187
254
171
525
95
176
159
136
122
280
32
240
24
138
356
188
591
161
348
556
485
274
370
276
262
372
145
160
522
518
219
65
330
286
128
138
514
148
198
320
14
281
36
54
118
256
379
300
301
186
311
315
336
266
307
343
328
144
311
582
313
57
315
383
588
82
184
416
410
210
409
173
22
277
550
592
329
163
10
332
53
398
11
487
337
338
154
330
313
106
342
323
345
62
358
152
183
79
237
257
133
141
318
142
116
147
39
360
459
493
240
563
414
258
385
90
80
370
306
109
420
224
84
244
76
499
38
49
49
548
292
121
48
559
34
34
14
29
115
425
246
391
395
396
226
448
431
229
18
182
239
457
70
24
407
449
85
417
5
539
413
43
255
175
179
549
302
308
502
357
292
424
238
173
308
307
197
284
536
294
27
69
4
390
182
350
570
180
91
442
22
444
371
243
191
46
184
210
451
447
277
454
455
165
362
158
344
460
130
56
41
411
92
598
47
349
483
176
232
338
79
328
475
476
438
341
477
480
31
296
217
129
177
486
88
488
489
189
350
599
466
494
314
146
497
164
369
241
501
188
288
19
50
374
507
234
280
80
573
316
99
165
515
516
517
371
543
520
145
469
523
316
89
526
186
207
237
282
67
170
81
534
201
7
312
498
166
264
301
542
250
321
157
55
437
496
418
214
45
351
401
399
303
223
290
231
192
57
129
597
107
564
153
566
427
569
345
245
492
572
227
68
65
576
141
231
222
346
59
214
54
474
585
86
45
4
225
125
269
379
26
16
155
456
385
128
82
