653
417
134
612
973
5
156
778
412
130
418
11
195
17
311
264
891
659
774
533
358
312
942
23
495
289
62
877
140
151
117
631
408
999
34
665
956
28
38
160
570
41
795
827
957
84
46
47
104
979
808
175
934
858
52
928
56
987
216
59
599
780
642
419
497
65
66
513
318
463
388
440
807
762
453
75
568
77
667
571
875
725
933
886
458
85
475
272
74
93
614
474
689
310
567
348
364
531
98
429
710
441
102
867
383
479
502
874
692
602
161
100
524
546
351
106
374
600
71
96
377
691
122
695
835
414
24
127
711
398
9
131
705
164
831
330
841
142
920
169
651
141
209
794
144
765
709
793
547
508
336
214
471
558
703
949
517
72
337
828
598
848
317
163
573
699
58
234
563
805
359
171
119
720
427
669
176
406
655
801
116
162
572
57
148
401
86
196
624
912
545
491
552
785
193
826
883
157
650
61
687
103
202
843
204
974
579
622
124
818
690
92
212
221
470
409
253
723
246
898
235
881
222
514
460
776
189
139
121
305
327
784
232
894
14
906
880
26
613
625
804
241
242
431
279
879
619
399
449
984
661
438
252
372
521
94
593
609
823
259
260
261
262
575
739
265
635
267
181
347
270
370
87
308
274
385
172
277
929
422
543
770
565
283
610
913
976
430
210
25
468
889
996
752
766
123
296
215
871
133
926
840
890
303
149
51
201
392
783
331
345
990
225
313
314
833
316
895
584
559
320
294
948
876
324
854
326
284
941
437
48
381
332
428
736
335
304
601
338
339
340
701
657
301
282
402
286
276
68
349
682
734
352
799
798
717
501
806
950
844
108
845
555
608
481
718
405
257
964
369
637
594
713
980
997
129
89
461
177
729
520
228
111
379
384
680
380
387
492
136
847
219
518
817
696
39
396
343
207
802
120
754
450
403
404
914
166
878
603
397
454
782
8
413
708
679
476
855
685
350
550
569
114
953
457
167
426
158
6
115
287
732
641
433
434
539
523
694
731
838
671
737
442
551
258
445
446
118
333
755
55
451
742
962
561
529
180
213
365
670
777
362
627
986
588
900
360
467
410
469
960
97
295
138
107
36
456
693
378
486
63
947
112
363
749
485
658
597
248
1
101
191
674
728
494
187
868
64
15
499
60
247
199
503
553
747
918
507
857
664
510
932
821
487
70
896
772
719
91
206
897
3
40
342
971
525
344
42
660
605
79
18
367
400
534
81
994
940
757
901
110
549
128
361
544
266
611
205
548
493
198
132
618
733
554
542
556
557
702
722
390
884
562
715
564
411
566
686
939
421
617
321
357
298
165
353
576
925
393
815
574
581
832
824
758
905
19
587
714
892
535
269
592
183
88
530
596
83
237
704
515
836
861
407
244
620
899
860
168
424
954
982
159
153
810
968
240
146
302
423
936
856
981
483
299
652
230
967
656
526
315
50
816
654
678
184
519
328
919
506
779
850
154
937
908
285
773
916
355
649
203
35
280
478
448
585
822
322
211
741
217
53
394
803
958
2
12
532
771
147
887
647
764
969
935
756
504
145
993
220
902
78
0
915
811
527
512
800
946
677
853
864
636
170
31
951
273
721
82
33
629
852
143
536
462
849
698
970
738
910
638
911
819
346
580
192
961
185
375
307
995
751
288
54
275
125
882
416
684
227
174
511
796
712
436
425
735
978
851
263
621
432
178
959
44
29
740
767
190
376
863
966
389
591
297
639
233
922
126
256
334
606
537
888
173
268
965
465
865
509
872
943
750
325
688
150
727
975
459
447
917
255
992
726
923
859
763
323
490
245
32
675
188
885
194
615
560
541
223
903
13
231
775
522
813
109
924
43
482
10
444
873
293
630
607
839
797
95
955
208
789
484
200
238
869
309
373
834
271
927
278
909
945
466
73
356
673
921
290
528
681
697
983
786
489
706
21
963
186
488
760
930
135
239
155
628
505
769
724
540
972
455
439
676
644
137
633
582
977
907
991
152
226
452
76
229
707
666
837
781
578
792
759
22
846
648
753
893
67
291
4
586
830
683
590
473
182
395
829
589
604
998
626
292
281
616
354
809
250
938
197
45
415
761
341
249
500
788
623
988
985
904
668
748
472
420
768
716
27
577
218
69
632
366
300
49
538
989
236
812
368
820
743
435
251
746
944
329
319
477
99
90
745
643
672
37
386
595
870
105
640
825
496
224
862
443
730
16
662
931
464
480
791
842
371
382
7
306
645
952
391
30
663
814
646
20
634
790
866
787
744
583
516
179
243
700
80
254
113
498
