0
1
2
3
4
5
6
7
8
9
10
11
12
13
14
15
16
17
18
19
20
21
22
23
24
25
26
27
28
29
30
31
32
33
34
35
36
37
38
39
40
41
42
43
44
45
46
47
48
49
50
51
52
53
54
55
56
57
58
59
60
61
62
63
64
65
66
67
68
69
70
71
72
73
74
75
76
77
78
79
80
81
82
83
84
85
86
87
88
89
90
91
92
93
94
95
96
97
98
99
100
101
102
103
104
105
106
107
108
109
110
111
112
113
114
115
116
117
118
119
120
121
122
123
124
125
126
127
128
129
130
131
132
133
134
135
136
137
138
139
140
141
142
143
144
145
146
147
148
149
150
151
152
153
154
155
156
157
158
159
160
161
162
163
164
165
166
167
168
169
170
171
172
173
174
175
176
177
178
179
180
181
182
183
184
185
186
187
188
189
190
191
192
193
194
195
196
197
198
199
200
201
202
203
204
205
206
207
208
209
210
211
212
213
214
215
216
217
218
219
220
221
222
223
224
225
226
227
228
229
230
231
232
233
234
235
236
237
238
239
240
241
242
243
244
245
246
247
248
249
250
251
252
253
254
255
256
257
258
259
260
261
262
263
264
265
266
267
268
269
270
271
272
273
274
275
276
277
278
279
280
281
282
283
284
285
286
287
288
289
290
291
292
293
294
295
296
297
298
299
300
301
302
303
304
305
306
307
308
309
310
311
312
313
314
315
316
317
318
319
320
321
322
323
324
325
326
327
328
329
330
331
332
333
334
335
336
337
338
339
340
341
342
343
344
345
346
347
348
349
350
351
352
353
354
355
356
357
358
359
360
361
362
363
364
365
366
367
368
369
370
371
372
373
374
375
376
377
378
379
380
381
382
383
384
385
386
387
388
389
390
391
392
393
394
395
396
397
398
399
400
401
402
403
404
405
406
407
408
409
410
411
412
413
414
415
416
417
418
419
420
421
422
423
424
425
426
427
428
429
430
431
432
433
434
435
436
437
438
439
440
441
442
443
444
445
446
447
448
449
450
451
452
453
454
455
456
457
458
459
460
461
462
463
464
465
466
467
468
469
470
471
472
473
474
475
476
477
478
479
480
481
482
483
484
485
486
487
488
489
490
491
492
493
494
495
496
497
498
499
500
501
502
503
504
505
506
507
508
509
510
511
512
513
514
515
516
517
518
519
520
521
522
523
524
525
526
527
528
529
530
531
532
533
534
535
536
537
538
539
540
541
542
543
544
545
546
547
548
549
550
551
552
553
554
555
556
557
558
559
560
561
562
563
564
565
566
567
568
569
570
571
572
573
574
575
576
577
578
579
580
581
582
583
584
585
586
587
588
589
590
591
592
593
594
595
596
597
598
599
797
794
907
825
952
906
786
828
943
606
851
822
751
704
691
666
983
900
869
995
994
620
823
942
980
982
819
876
917
807
736
922
866
678
929
913
811
830
939
945
608
833
659
865
604
701
752
689
757
783
609
747
664
973
612
711
640
870
706
788
956
774
647
671
978
795
714
903
921
679
732
763
955
784
743
602
660
769
625
909
744
881
761
812
935
697
871
892
911
651
656
662
875
631
968
897
861
727
879
796
814
787
674
890
849
633
737
991
767
805
663
844
768
789
638
658
717
749
868
799
773
889
715
760
779
632
905
915
750
657
854
824
815
708
730
953
739
771
603
731
635
916
944
864
858
937
933
605
672
839
781
843
693
684
895
705
699
683
709
741
853
904
931
626
946
912
707
756
901
893
874
702
800
852
820
680
621
776
613
988
826
932
673
888
835
627
630
818
722
721
920
981
949
791
694
848
940
977
880
766
607
809
817
778
601
959
924
762
643
837
838
972
668
954
650
682
846
963
636
860
748
859
614
623
967
639
616
669
785
802
772
677
918
765
926
996
759
686
782
801
938
718
777
969
840
885
634
754
642
964
836
622
957
857
615
958
733
716
985
690
919
738
628
984
667
775
655
758
692
653
827
998
941
735
845
808
670
712
792
891
829
646
806
834
987
742
886
979
856
847
665
723
993
780
793
624
934
887
688
997
617
867
713
740
676
652
960
611
990
726
899
970
648
974
986
930
927
908
637
947
734
910
804
872
629
855
992
720
687
966
914
883
873
878
745
813
790
951
681
649
961
724
948
832
661
971
753
746
975
675
698
896
850
641
965
764
700
862
810
618
728
898
962
770
882
831
923
894
685
803
999
619
610
710
644
976
936
798
950
928
719
902
989
863
703
729
925
821
884
654
696
645
842
841
877
755
695
725
816
600
