0
1
2
3
4
5
6
7
8
9
10
11
12
13
14
15
16
17
18
19
20
21
22
23
24
25
26
27
28
29
30
31
32
33
34
35
36
37
38
39
40
41
42
43
44
45
46
47
48
49
50
51
52
53
54
55
56
57
58
59
60
61
62
63
64
65
66
67
68
69
70
71
72
73
74
75
76
77
78
79
80
81
82
83
84
85
86
87
88
89
90
91
92
93
94
95
96
97
98
99
100
101
102
103
104
105
106
107
108
109
110
111
112
113
114
115
116
117
118
119
120
121
122
123
124
125
126
127
128
129
130
131
132
133
134
135
136
137
138
139
140
141
142
143
144
145
146
147
148
149
150
151
152
153
154
155
156
157
158
159
160
161
162
163
164
165
166
167
168
169
170
171
172
173
174
175
176
177
178
179
180
181
182
183
184
185
186
187
188
189
190
191
192
193
194
195
196
197
198
199
200
201
202
203
204
205
206
207
208
209
210
211
212
213
214
215
216
217
218
219
220
221
222
223
224
225
226
227
228
229
230
231
232
233
234
235
236
237
238
239
240
241
242
243
244
245
246
247
248
249
250
251
252
253
254
255
256
257
258
259
260
261
262
263
264
265
266
267
268
269
270
271
272
273
274
275
276
277
278
279
280
281
282
283
284
285
286
287
288
289
290
291
292
293
294
295
296
297
298
299
300
301
302
303
304
305
306
307
308
309
310
311
312
313
314
315
316
317
318
319
320
321
322
323
324
325
326
327
328
329
330
331
332
333
334
335
336
337
338
339
340
341
342
343
344
345
346
347
348
349
350
351
352
353
354
355
356
357
358
359
360
361
362
363
364
365
366
367
368
369
370
371
372
373
374
375
376
377
378
379
380
381
382
383
384
385
386
387
388
389
390
391
392
393
394
395
396
397
398
399
400
401
402
403
404
405
406
407
408
409
410
411
412
413
414
415
416
417
418
419
420
421
422
423
424
425
426
427
428
429
430
431
432
433
434
435
436
437
438
439
440
441
442
443
444
445
446
447
448
449
450
451
452
453
454
455
456
457
458
459
460
461
462
463
464
465
466
467
468
469
470
471
472
473
474
475
476
477
478
479
480
481
482
483
484
485
486
487
488
489
490
491
492
493
494
495
496
497
498
499
500
501
502
503
504
505
506
507
508
509
510
511
512
513
514
515
516
517
518
519
520
521
522
523
524
525
526
527
528
529
530
531
532
533
534
535
536
537
538
539
540
541
542
543
544
545
546
547
548
549
550
551
552
553
554
555
556
557
558
559
560
561
562
563
564
565
566
567
568
569
570
571
572
573
574
575
576
577
578
579
580
581
582
583
584
585
586
587
588
589
590
591
592
593
594
595
596
597
598
599
600
601
602
603
604
605
606
607
608
609
610
611
612
613
614
615
616
617
618
619
620
621
622
623
624
625
626
627
628
629
630
631
632
633
634
635
636
637
638
639
640
641
642
643
644
645
646
647
648
649
650
651
652
653
654
655
656
657
658
659
660
661
662
663
664
665
666
667
668
669
670
671
672
673
674
675
676
677
678
679
680
681
682
683
684
685
686
687
688
689
690
691
692
693
694
695
696
697
698
699
700
701
702
703
704
705
706
707
708
709
710
711
712
713
714
715
716
717
718
719
720
721
722
723
724
725
726
727
728
729
730
731
732
733
734
735
736
737
738
739
740
741
742
743
744
745
746
747
748
749
750
751
752
753
754
755
756
757
758
759
760
761
762
763
764
765
766
767
768
769
770
771
772
773
774
775
776
777
778
779
780
781
782
783
784
785
786
787
788
789
790
791
792
793
794
795
796
797
798
799
800
801
802
803
804
805
806
807
808
809
810
811
812
813
814
815
816
817
818
819
820
821
822
823
824
825
826
827
828
829
830
831
832
833
834
835
836
837
838
839
840
841
842
843
844
845
846
847
848
849
850
851
852
853
854
855
856
857
858
859
860
861
862
863
864
865
866
867
868
869
870
871
872
873
874
875
876
877
878
879
880
881
882
883
884
885
886
887
888
889
890
891
892
893
894
895
896
897
898
899
900
901
902
903
904
905
906
907
908
909
910
911
912
913
914
915
916
917
918
919
920
921
922
923
924
925
926
927
928
929
930
931
932
933
934
935
936
937
938
939
940
941
942
943
944
945
946
947
948
949
950
951
952
953
954
955
956
957
958
959
960
961
962
963
964
965
966
967
968
969
970
971
972
973
974
975
976
977
978
979
980
981
982
983
984
985
986
987
988
989
990
991
992
993
994
995
996
997
998
999
1000
1001
1002
1003
1004
1005
1006
1007
1008
1009
1010
1011
1012
1013
1014
1015
1016
1017
1018
1019
1020
1021
1022
1023
1024
1025
1026
1027
1028
1029
1030
1031
1032
1033
1034
1035
1036
1037
1038
1039
1040
1041
1042
1043
1044
1045
1046
1047
1048
1049
1050
1051
1052
1053
1054
1055
1056
1057
1058
1059
1060
1061
1062
1063
1064
1065
1066
1067
1068
1069
1070
1071
1072
1073
1074
1075
1076
1077
1078
1079
1080
1081
1082
1083
1084
1085
1086
1087
1088
1089
1090
1091
1092
1093
1094
1095
1096
1097
1098
1099
1100
1101
1102
1103
1104
1105
1106
1107
1108
1109
1110
1111
1112
1113
1114
1115
1116
1117
1118
1119
1120
1121
1122
1123
1124
1125
1126
1127
1128
1129
1130
1131
1132
1133
1134
1135
1136
1137
1138
1139
1140
1141
1142
1143
1144
1145
1146
1147
1148
1149
1150
1151
1152
1153
1154
1155
1156
1157
1158
1159
1160
1161
1162
1163
1164
1165
1166
1167
1168
1169
1170
1171
1172
1173
1174
1175
1176
1177
1178
1179
1180
1181
1182
1183
1184
1185
1186
1187
1188
1189
1190
1191
1192
1193
1194
1195
1196
1197
1198
1199
1200
1201
1202
1203
1204
1205
1206
1207
1208
1209
1210
1211
1212
1213
1214
1215
1216
1217
1218
1219
1220
1221
1222
1223
1224
1225
1226
1227
1228
1229
1230
1231
1232
1233
1234
1235
1236
1237
1238
1239
1240
1241
1242
1243
1244
1245
1246
1247
1248
1249
1250
1251
1252
1253
1254
1255
1256
1257
1258
1259
1260
1261
1262
1263
1264
1265
1266
1267
1268
1269
1270
1271
1272
1273
1274
1275
1276
1277
1278
1279
1280
1281
1282
1283
1284
1285
1286
1287
1288
1289
1290
1291
1292
1293
1294
1295
1296
1297
1298
1299
1300
1301
1302
1303
1304
1305
1306
1307
1308
1309
1310
1311
1312
1313
1314
1315
1316
1317
1318
1319
1320
1321
1322
1323
1324
1325
1326
1327
1328
1329
1330
1331
1332
1333
1334
1335
1336
1337
1338
1339
1340
1341
1342
1343
1344
1345
1346
1347
1348
1349
1350
1351
1352
1353
1354
1355
1356
1357
1358
1359
1360
1361
1362
1363
1364
1365
1366
1367
1368
1369
1370
1371
1372
1373
1374
1375
1376
1377
1378
1379
1380
1381
1382
1383
1384
1385
1386
1387
1388
1389
1390
1391
1392
1393
1394
1395
1396
1397
1398
1399
1400
1401
1402
1403
1404
1405
1406
1407
1408
1409
1410
1411
1412
1413
1414
1415
1416
1417
1418
1419
1420
1421
1422
1423
1424
1425
1426
1427
1428
1429
1430
1431
1432
1433
1434
1435
1436
1437
1438
1439
1440
1441
1442
1443
1444
1445
1446
1447
1448
1449
1450
1451
1452
1453
1454
1455
1456
1457
1458
1459
1460
1461
1462
1463
1464
1465
1466
1467
1468
1469
1470
1471
1472
1473
1474
1475
1476
1477
1478
1479
1480
1481
1482
1483
1484
1485
1486
1487
1488
1489
1490
1491
1492
1493
1494
1495
1496
1497
1498
1499
1500
1501
1502
1503
1504
1505
1506
1507
1508
1509
1510
1511
1512
1513
1514
1515
1516
1517
1518
1519
1520
1521
1522
1523
1524
1525
1526
1527
1528
1529
1530
1531
1532
1533
1534
1535
1536
1537
1538
1539
1540
1541
1542
1543
1544
1545
1546
1547
1548
1549
1550
1551
1552
1553
1554
1555
1556
1557
1558
1559
1560
1561
1562
1563
1564
1565
1566
1567
1568
1569
1570
1571
1572
1573
1574
1575
1576
1577
1578
1579
1580
1581
1582
1583
1584
1585
1586
1587
1588
1589
1590
1591
1592
1593
1594
1595
1596
1597
1598
1599
1600
1601
1602
1603
1604
1605
1606
1607
1608
1609
1610
1611
1612
1613
1614
1615
1616
1617
1618
1619
1620
1621
1622
1623
1624
1625
1626
1627
1628
1629
1630
1631
1632
1633
1634
1635
1636
1637
1638
1639
1640
1641
1642
1643
1644
1645
1646
1647
1648
1649
1650
1651
1652
1653
1654
1655
1656
1657
1658
1659
1660
1661
1662
1663
1664
1665
1666
1667
1668
1669
1670
1671
1672
1673
1674
1675
1676
1677
1678
1679
1680
1681
1682
1683
1684
1685
1686
1687
1688
1689
1690
1691
1692
1693
1694
1695
1696
1697
1698
1699
1700
1701
1702
1703
1704
1705
1706
1707
1708
1709
1710
1711
1712
1713
1714
1715
1716
1717
1718
1719
1720
1721
1722
1723
1724
1725
1726
1727
1728
1729
1730
1731
1732
1733
1734
1735
1736
1737
1738
1739
1740
1741
1742
1743
1744
1745
1746
1747
1748
1749
1750
1751
1752
1753
1754
1755
1756
1757
1758
1759
1760
1761
1762
1763
1764
1765
1766
1767
1768
1769
1770
1771
1772
1773
1774
1775
1776
1777
1778
1779
1780
1781
1782
1783
1784
1785
1786
1787
1788
1789
1790
1791
1792
1793
1794
1795
1796
1797
1798
1799
1800
1801
1802
1803
1804
1805
1806
1807
1808
1809
1810
1811
1812
1813
1814
1815
1816
1817
1818
1819
1820
1821
1822
1823
1824
1825
1826
1827
1828
1829
1830
1831
1832
1833
1834
1835
1836
1837
1838
1839
1840
1841
1842
1843
1844
1845
1846
1847
1848
1849
1850
1851
1852
1853
1854
1855
1856
1857
1858
1859
1860
1861
1862
1863
1864
1865
1866
1867
1868
1869
1870
1871
1872
1873
1874
1875
1876
1877
1878
1879
1880
1881
1882
1883
1884
1885
1886
1887
1888
1889
1890
1891
1892
1893
1894
1895
1896
1897
1898
1899
1900
1901
1902
1903
1904
1905
1906
1907
1908
1909
1910
1911
1912
1913
1914
1915
1916
1917
1918
1919
1920
1921
1922
1923
1924
1925
1926
1927
1928
1929
1930
1931
1932
1933
1934
1935
1936
1937
1938
1939
1940
1941
1942
1943
1944
1945
1946
1947
1948
1949
1950
1951
1952
1953
1954
1955
1956
1957
1958
1959
1960
1961
1962
1963
1964
1965
1966
1967
1968
1969
1970
1971
1972
1973
1974
1975
1976
1977
1978
1979
1980
1981
1982
1983
1984
1985
1986
1987
1988
1989
1990
1991
1992
1993
1994
1995
1996
1997
1998
1999
2000
2001
2002
2003
2004
2005
2006
2007
2008
2009
2010
2011
2012
2013
2014
2015
2016
2017
2018
2019
2020
2021
2022
2023
2024
2025
2026
2027
2028
2029
2030
2031
2032
2033
2034
2035
2036
2037
2038
2039
2040
2041
2042
2043
2044
2045
2046
2047
2048
2049
2050
2051
2052
2053
2054
2055
2056
2057
2058
2059
2060
2061
2062
2063
2064
2065
2066
2067
2068
2069
2070
2071
2072
2073
2074
2075
2076
2077
2078
2079
2080
2081
2082
2083
2084
2085
2086
2087
2088
2089
2090
2091
2092
2093
2094
2095
2096
2097
2098
2099
2100
2101
2102
2103
2104
2105
2106
2107
2108
2109
2110
2111
2112
2113
2114
2115
2116
2117
2118
2119
2120
2121
2122
2123
2124
2125
2126
2127
2128
2129
2130
2131
2132
2133
2134
2135
2136
2137
2138
2139
2140
2141
2142
2143
2144
2145
2146
2147
2148
2149
2150
2151
2152
2153
2154
2155
2156
2157
2158
2159
2160
2161
2162
2163
2164
2165
2166
2167
2168
2169
2170
2171
2172
2173
2174
2175
2176
2177
2178
2179
2180
2181
2182
2183
2184
2185
2186
2187
2188
2189
2190
2191
2192
2193
2194
2195
2196
2197
2198
2199
2200
2201
2202
2203
2204
2205
2206
2207
2208
2209
2210
2211
2212
2213
2214
2215
2216
2217
2218
2219
2220
2221
2222
2223
2224
2225
2226
2227
2228
2229
2230
2231
2232
2233
2234
2235
2236
2237
2238
2239
2240
2241
2242
2243
2244
2245
2246
2247
2248
2249
2250
2251
2252
2253
2254
2255
2256
2257
2258
2259
2260
2261
2262
2263
2264
2265
2266
2267
2268
2269
2270
2271
2272
2273
2274
2275
2276
2277
2278
2279
2280
2281
2282
2283
2284
2285
2286
2287
2288
2289
2290
2291
2292
2293
2294
2295
2296
2297
2298
2299
2300
2301
2302
2303
2304
2305
2306
2307
2308
2309
2310
2311
2312
2313
2314
2315
2316
2317
2318
2319
2320
2321
2322
2323
2324
2325
2326
2327
2328
2329
2330
2331
2332
2333
2334
2335
2336
2337
2338
2339
2340
2341
2342
2343
2344
2345
2346
2347
2348
2349
2350
2351
2352
2353
2354
2355
2356
2357
2358
2359
2360
2361
2362
2363
2364
2365
2366
2367
2368
2369
2370
2371
2372
2373
2374
2375
2376
2377
2378
2379
2380
2381
2382
2383
2384
2385
2386
2387
2388
2389
2390
2391
2392
2393
2394
2395
2396
2397
2398
2399
2400
2401
2402
2403
2404
2405
2406
2407
2408
2409
2410
2411
2412
2413
2414
2415
2416
2417
2418
2419
2420
2421
2422
2423
2424
2425
2426
2427
2428
2429
2430
2431
2432
2433
2434
2435
2436
2437
2438
2439
2440
2441
2442
2443
2444
2445
2446
2447
2448
2449
2450
2451
2452
2453
2454
2455
2456
2457
2458
2459
2460
2461
2462
2463
2464
2465
2466
2467
2468
2469
2470
2471
2472
2473
2474
2475
2476
2477
2478
2479
2480
2481
2482
2483
2484
2485
2486
2487
2488
2489
2490
2491
2492
2493
2494
2495
2496
2497
2498
2499
2500
2501
2502
2503
2504
2505
2506
2507
2508
2509
2510
2511
2512
2513
2514
2515
2516
2517
2518
2519
2520
2521
2522
2523
2524
2525
2526
2527
2528
2529
2530
2531
2532
2533
2534
2535
2536
2537
2538
2539
2540
2541
2542
2543
2544
2545
2546
2547
2548
2549
2550
2551
2552
2553
2554
2555
2556
2557
2558
2559
2560
2561
2562
2563
2564
2565
2566
2567
2568
2569
2570
2571
2572
2573
2574
2575
2576
2577
2578
2579
2580
2581
2582
2583
2584
2585
2586
2587
2588
2589
2590
2591
2592
2593
2594
2595
2596
2597
2598
2599
2600
2601
2602
2603
2604
2605
2606
2607
2608
2609
2610
2611
2612
2613
2614
2615
2616
2617
2618
2619
2620
2621
2622
2623
2624
2625
2626
2627
2628
2629
2630
2631
2632
2633
2634
2635
2636
2637
2638
2639
2640
2641
2642
2643
2644
2645
2646
2647
2648
2649
2650
2651
2652
2653
2654
2655
2656
2657
2658
2659
2660
2661
2662
2663
2664
2665
2666
2667
2668
2669
2670
2671
2672
2673
2674
2675
2676
2677
2678
2679
2680
2681
2682
2683
2684
2685
2686
2687
2688
2689
2690
2691
2692
2693
2694
2695
2696
2697
2698
2699
2700
2701
2702
2703
2704
2705
2706
2707
2708
2709
2710
2711
2712
2713
2714
2715
2716
2717
2718
2719
2720
2721
2722
2723
2724
2725
2726
2727
2728
2729
2730
2731
2732
2733
2734
2735
2736
2737
2738
2739
2740
2741
2742
2743
2744
2745
2746
2747
2748
2749
2750
2751
2752
2753
2754
2755
2756
2757
2758
2759
2760
2761
2762
2763
2764
2765
2766
2767
2768
2769
2770
2771
2772
2773
2774
2775
2776
2777
2778
2779
2780
2781
2782
2783
2784
2785
2786
2787
2788
2789
2790
2791
2792
2793
2794
2795
2796
2797
2798
2799
2800
2801
2802
2803
2804
2805
2806
2807
2808
2809
2810
2811
2812
2813
2814
2815
2816
2817
2818
2819
2820
2821
2822
2823
2824
2825
2826
2827
2828
2829
2830
2831
2832
2833
2834
2835
2836
2837
2838
2839
2840
2841
2842
2843
2844
2845
2846
2847
2848
2849
2850
2851
2852
2853
2854
2855
2856
2857
2858
2859
2860
2861
2862
2863
2864
2865
2866
2867
2868
2869
2870
2871
2872
2873
2874
2875
2876
2877
2878
2879
2880
2881
2882
2883
2884
2885
2886
2887
2888
2889
2890
2891
2892
2893
2894
2895
2896
2897
2898
2899
2900
2901
2902
2903
2904
2905
2906
2907
2908
2909
2910
2911
2912
2913
2914
2915
2916
2917
2918
2919
2920
2921
2922
2923
2924
2925
2926
2927
2928
2929
2930
2931
2932
2933
2934
2935
2936
2937
2938
2939
2940
2941
2942
2943
2944
2945
2946
2947
2948
2949
2950
2951
2952
2953
2954
2955
2956
2957
2958
2959
2960
2961
2962
2963
2964
2965
2966
2967
2968
2969
2970
2971
2972
2973
2974
2975
2976
2977
2978
2979
2980
2981
2982
2983
2984
2985
2986
2987
2988
2989
2990
2991
2992
2993
2994
2995
2996
2997
2998
2999
4315
4222
4820
4904
4151
3808
4552
3822
3639
4196
4094
4022
4768
4595
3558
3583
3141
4886
3958
4640
4426
4127
3554
3092
3156
3382
3121
4579
4475
3705
4181
4894
4866
3325
4065
4048
3112
4776
3369
4025
4158
4139
3752
3152
3626
3481
3178
3100
4057
3147
3293
4496
3476
4177
4815
4528
3258
4525
4155
4929
4531
4366
4943
3547
3427
4441
4184
4018
4091
4501
4043
3743
3351
3801
3838
3635
3512
3266
4309
3957
3608
4208
4611
3024
3204
3075
4533
4257
4339
3592
4108
4739
4172
3746
3687
3095
3408
3065
3643
3670
4966
4489
3349
4945
4168
3105
4265
3745
3428
4029
3617
4502
3911
3861
4314
4332
3753
4860
3142
3725
4467
3865
3019
3539
3891
4109
3511
4110
3879
3556
3723
4733
4241
4054
3198
4186
3669
4928
4550
3698
4485
3084
3788
3124
4770
4400
3776
3533
4877
3590
3727
4657
3366
4056
3094
4107
4779
4189
4484
4916
3587
4518
3712
3964
4955
3811
4301
3485
3484
3254
3449
4626
4961
4883
3634
3005
4823
4358
3928
4720
3108
3205
3438
4030
3206
4362
4734
4156
3222
3392
3572
3300
3249
3666
3445
4831
3315
3089
3923
4406
4250
4617
3645
3139
3985
3448
4096
4164
3285
3993
3332
4764
4318
4221
3219
3002
3330
4774
4422
4088
3055
3814
4031
4006
3226
3731
3689
3817
4760
4384
3459
4032
3949
3412
3882
4878
4385
4425
3596
3239
4380
3126
4454
3376
4527
3394
4596
3128
3337
3844
4334
4534
3115
3313
3261
4125
3571
4650
4341
3800
3298
3160
3991
4674
4041
3433
4599
3600
4778
4567
4104
4980
4580
3272
3792
4067
3941
4185
4788
3111
4524
4995
3546
4465
3455
3919
4634
3732
3501
3034
4469
4411
4991
4440
4697
4132
4925
3054
4654
3402
3017
3051
3373
3194
3843
3538
3306
3935
4003
3751
3260
4493
4273
4152
3244
3819
3013
4901
3310
3302
3400
4728
4138
3618
4993
4042
3876
3025
4856
3137
4504
4677
3312
3791
3699
4927
4234
3492
3737
4021
4449
3542
3524
4505
4079
3693
4105
3868
3195
3837
3270
3679
3371
4300
4586
4941
3347
4090
4682
4284
3982
4045
3597
4939
4507
4753
4576
4330
4069
4559
4076
4188
3850
3078
4171
3107
4537
3053
4193
4379
4639
3009
4670
4047
4417
4771
3594
3570
4256
3629
4354
3900
4921
4160
4551
3377
3835
4095
3759
3507
3961
4783
3088
3263
3775
3247
3208
3912
3200
4093
3522
4578
4582
3227
4701
4730
4648
4859
4542
3117
4658
4408
4793
3210
4028
4137
4248
4224
3688
3020
4909
4845
3867
3984
3314
3233
4351
3035
3673
4570
3797
4888
4555
4678
4356
4148
4997
3172
3668
3155
4530
3131
3709
3675
4448
4618
3728
4145
3773
3236
3764
3552
4946
3873
4283
3063
3327
4082
3664
4445
3446
3173
4782
4906
3284
3144
3069
4038
3963
3708
3480
3153
3651
3218
3697
3977
4918
4084
3718
4253
3786
3804
3952
3701
3102
4471
3292
4601
3827
4744
3520
3825
4589
3988
4999
3921
4568
4086
3580
3122
3290
4571
4077
3537
4731
4333
4796
3235
3170
3398
3158
4835
4588
3399
4541
4389
3135
3859
4237
4290
3079
3563
4371
4714
4386
3936
4817
3916
3179
3974
4421
3282
3460
3241
4402
4464
3631
3790
3415
3706
3430
4216
4246
4699
4198
3273
3110
4220
4117
4267
4948
4510
3431
4306
3199
4194
3856
4209
4098
3380
4675
3461
3361
4964
3772
3703
3275
4620
4607
4232
4956
4705
4277
4721
3862
4187
3724
4274
4307
3840
3196
4581
3969
3436
3836
4573
3531
4131
4515
4709
4342
4902
3348
3785
4373
3598
4623
3637
4008
3774
4245
4223
3569
3050
4180
4624
4772
4190
3191
3076
3333
4432
4895
4102
3030
4513
4931
4785
4285
4800
3956
3852
3944
3691
4428
4553
4910
3328
3149
3525
3008
3308
4754
4162
4587
4975
3567
3659
3163
4452
4509
3386
4226
3647
4024
4742
4477
4243
3322
4416
4899
3930
4874
3184
4394
3905
4317
3454
4664
3416
4584
3018
3672
4702
4157
3132
4871
3319
3359
3789
4804
3495
4433
3154
4382
3926
4863
4547
4097
4784
3707
3722
4276
4978
3553
3346
3250
3317
3444
4255
3052
3748
3370
3878
4175
3502
3945
3661
4479
3286
3129
4549
4410
4011
3714
3566
4882
4481
3761
4629
4103
3329
3555
3812
3379
4953
3374
3099
3358
3995
3593
4535
4592
4996
4583
3256
3267
3014
4055
3642
4368
4322
3886
3468
3951
3864
3754
3932
4558
3863
3662
3234
4324
3409
4447
4487
4199
3429
4182
3242
3599
3846
4254
4748
4839
4738
4985
3551
4545
4655
4264
3870
4811
3574
4404
3829
4349
3671
3996
4971
3202
4843
4554
4758
3521
3389
4398
3119
4810
3967
3685
4352
4950
3443
4020
4546
3564
4195
3925
3336
3269
4075
4279
3049
4649
4066
4809
3559
4749
3118
4040
4711
3832
3253
4388
3404
3656
3948
4455
3606
4667
4345
3615
4529
4281
3575
3686
4855
3633
3123
3624
4178
4486
3326
4930
3425
3781
3508
3497
4851
3082
4900
4120
4014
3171
3015
3989
4034
3783
3175
4865
3927
4346
4136
4765
4598
3584
4211
4312
3365
4275
3174
3609
3881
4340
4604
3022
4912
3907
3091
3419
3902
4812
3471
3660
4662
4853
4974
4520
3744
3915
3729
4106
4503
4166
4023
3038
3654
3990
3012
3692
4418
4890
4606
4141
4016
3831
4536
3499
3291
3157
3826
4083
3500
3869
3763
4119
4461
3999
3001
3684
3435
3031
3981
4191
4703
4829
4692
4140
3006
3176
3784
4050
3403
4572
4938
3216
4663
4376
4446
4954
4612
3190
3215
3401
3039
3875
4597
3338
3713
3496
4081
4348
4725
3588
3212
3650
3295
3529
3237
3658
3909
4889
3264
4610
3487
3893
3503
3413
4696
3700
4848
4942
3339
4068
4862
3387
4970
4215
3561
3994
3414
4239
4013
3343
3648
4126
4135
3760
4494
4311
3914
3070
4698
4870
4130
4122
3453
3557
3004
3279
4608
3860
4438
3442
4401
3246
3494
3441
4153
4746
4213
3406
4652
4700
4832
3681
4727
3281
4364
4940
4852
4395
4868
4062
3857
4218
3613
3690
4472
3667
3677
4514
4972
3183
4263
3680
4499
4435
3010
3833
3627
3506
4669
4326
4816
4981
4304
4628
4922
3134
3922
3874
4724
4651
3903
4944
3375
4887
4424
3211
4436
3610
3074
4456
4144
4575
3630
3182
3299
3721
4412
4951
4850
4805
4869
3966
3530
4296
4207
3181
4762
4613
3954
3385
3240
4129
3802
4712
4044
4118
3591
3316
3576
3277
4372
3565
4033
4704
3109
3355
4210
3842
4947
4773
4183
4039
4963
4763
4591
3072
4434
4934
4064
3458
4483
4313
4717
3283
4474
4492
3320
3601
4387
3159
4049
4051
3946
3457
4679
4656
3434
4789
4490
3307
4236
4321
4911
3649
3033
4807
3166
4538
3372
4913
3452
3287
3858
3620
4262
3048
3324
4429
4661
4035
4716
4691
3044
4415
3889
3186
3560
4506
4522
4791
3913
4968
3683
3953
4802
4370
3407
4726
3665
3884
3150
3146
4459
4229
3193
4876
4743
4976
4566
3519
4766
4755
3888
3787
4046
3043
3432
4431
4688
3466
4319
4249
4500
3742
3151
3682
3960
3354
4526
4473
4798
4403
3640
3523
3904
3855
4357
3362
3841
3479
4638
3695
4001
3607
4543
4962
4830
3755
3323
3071
3477
4873
3820
3622
3335
3083
4443
4295
4671
3898
3489
4231
4298
3986
3136
4683
3140
4557
4979
3301
3550
4392
3396
4286
3711
3899
4205
3602
4498
4982
4707
4026
4644
3616
3080
4998
3334
4497
4258
3970
4470
3940
4723
3344
4844
4965
4407
4007
3367
3085
3116
4693
4294
4149
4561
4833
4680
3265
3472
4837
4201
3611
3518
3779
3188
3818
3663
3809
4761
4378
4625
4952
4292
4563
4072
4957
4752
4792
3794
3405
4377
3101
4230
4235
3938
4892
3769
4959
4585
4167
4360
4838
4268
3816
4002
4027
4124
4893
3646
3213
3276
4706
3127
4641
3393
4564
3243
4898
4337
4197
4562
3694
3086
3739
3942
4204
3493
3770
3747
3041
4059
3549
4439
3169
3097
3975
4806
3976
3823
3036
4600
4192
4736
4115
4089
4344
3331
3042
4977
4984
3130
3248
3185
3388
4112
3426
3093
4004
3437
4745
3777
3304
4073
3391
3058
4080
3341
3824
4430
3296
4287
4293
3997
3475
4063
4603
3490
4363
4463
4508
4390
3138
3851
3513
4813
4960
4836
3726
3230
3027
4994
4005
3880
3741
3470
4532
4399
4113
3541
3229
4750
4797
4203
3998
3543
4846
3011
3933
4627
3440
3896
4206
3906
3318
4000
4548
4327
3257
4423
4036
3890
3908
3395
4242
3799
3224
3573
4708
4590
3007
4932
4834
4200
4143
3251
4291
3805
4261
3420
3192
3992
4052
3803
4653
3577
4757
4161
4116
4756
4457
4331
3604
4821
4917
3798
4915
4615
4642
3540
3167
3340
4935
3678
4897
4414
3165
3098
3983
3162
3536
4803
4521
3696
4061
4233
4154
3297
3384
4519
4058
3768
3120
4849
4512
3417
4759
4114
4864
4413
3758
4799
3045
3474
3782
4827
4689
3207
4297
3032
4133
3161
3892
4260
4619
3704
3029
4857
3486
3225
3920
4009
4383
3421
3189
3535
3950
4614
3133
3252
3463
4637
3411
4710
3451
4795
4885
3971
3274
3839
4630
4987
3756
4891
3465
3104
4936
3278
3628
4420
3910
4574
3866
3534
3498
3462
4419
4822
4949
3771
4375
3847
4842
3311
4391
4289
4560
4350
3357
4074
4668
4361
3585
4078
4787
3040
4174
4355
3582
3614
4217
3978
3894
3973
4907
4511
4037
4092
4616
3187
4488
3114
4632
4828
3735
4266
4645
4320
4087
4476
3145
3653
3447
3762
3623
4517
3067
4840
3821
3885
3214
3595
4681
3619
4478
4142
3469
3464
4605
4270
4673
4240
4323
3736
3143
3294
4775
4665
3767
3807
4247
4777
4919
4751
3636
3918
4353
3223
4212
4556
3924
3383
4147
4343
3303
4923
4808
3676
4609
4643
4992
4718
4071
4015
4214
3872
3231
3059
3717
3390
3795
4593
3177
3972
3023
4747
3845
3280
4329
3605
4305
3644
4687
3424
3488
3360
4282
3853
3657
4686
4134
3638
3321
4539
4010
4316
4019
4381
3738
4544
3423
3568
3931
4636
4814
3980
4100
4111
3810
4458
3422
3381
3060
4884
3929
4635
3730
4767
3087
4621
3073
4367
3652
4577
3148
4740
3096
3268
4875
3255
4225
4695
4647
4299
3288
4633
3545
3780
3887
3578
4659
3987
3245
3517
3934
4365
4986
3719
4480
3368
3877
4735
3641
3271
4310
4369
3356
4973
4847
3674
4903
4335
4359
3168
4437
4896
4288
4622
4933
3232
4169
4790
4958
3037
3418
4794
3749
3064
4442
4012
4881
4988
3526
4937
3586
3125
3655
4150
4826
4453
3793
4146
3057
4251
3491
4631
4101
4690
3848
4824
4227
4516
3056
4780
4801
4338
3061
3228
3510
3621
4336
4450
4170
4729
4969
3350
4713
3259
4173
3849
4053
3740
4905
4303
4060
4854
3047
3955
3715
4666
3410
4990
3813
3702
3509
3483
4491
3505
4165
3612
4540
4672
3778
3113
3262
3450
3917
3937
3238
3757
4374
4393
3589
4099
4460
4427
3750
4841
3081
3716
4468
3021
4272
3532
3103
4202
3834
3209
4280
3733
4819
4594
3815
3883
3397
4219
4825
4861
4409
3482
3544
4786
3516
3632
3197
3515
3467
4719
3026
3068
4466
3828
3217
4602
4858
4879
4017
3028
4924
4646
3720
3203
3309
4685
4325
4694
4163
3603
3077
4983
4252
3625
4259
3062
3895
4569
3527
3439
3514
4818
4926
4444
4684
4781
4565
4244
4523
4989
3164
4732
3968
4880
4908
4396
4914
4676
3504
4482
3106
3305
3796
3016
4159
3579
3066
4397
3734
3378
3943
3979
3939
3363
4722
3473
3947
3562
4070
4328
3548
4462
4872
4660
4405
3220
3766
4121
3352
3353
3965
3221
4308
3090
4302
4228
3046
4867
4278
3710
4123
4347
3345
3289
3528
4967
4737
3871
3962
3478
4128
3806
3830
3854
4451
3581
4741
4715
3364
3959
4769
3180
3456
4238
3901
4269
4176
4179
3201
3003
4271
4085
3765
3342
3897
4920
4495
3000
