593
484
1620
3
2557
1774
768
1644
274
1040
1961
428
651
13
1090
411
614
2044
2799
19
2727
1133
1611
2707
1771
1244
769
1612
2785
751
1321
31
86
1893
1802
2593
1014
1904
38
2225
901
767
382
1956
276
1539
739
1374
2367
1440
50
995
1051
158
1117
1218
1274
1925
2562
1087
584
1437
915
2310
800
388
636
1923
1135
2005
1414
1409
72
2818
925
1655
1423
1745
1917
898
2815
2095
107
938
2637
761
1270
2951
88
954
1209
2272
958
940
94
2730
576
2287
823
2176
551
101
724
2319
2332
105
395
98
756
258
35
2100
2903
1980
114
2494
480
1867
2039
883
1285
1965
122
1706
1668
2384
291
778
463
341
809
131
2305
1836
465
135
728
137
1767
427
1629
1165
1897
1803
1145
497
2568
136
148
1267
2965
2700
612
153
90
2906
1072
157
85
1004
1816
1428
162
1089
2207
165
1762
1884
121
2155
1042
1860
172
173
174
2868
853
1340
1807
353
756
1717
2434
1391
517
2589
1380
2505
1149
397
2318
1206
2215
193
592
1026
1340
737
198
437
1837
281
113
929
1481
424
493
1048
1691
209
524
1324
1946
213
1313
1389
154
1998
987
957
1232
2218
1253
2408
1740
1517
1794
1986
202
1952
398
231
2014
803
996
2278
464
237
1235
1852
898
812
242
443
662
223
1940
559
248
1516
1189
1887
1817
1218
2736
126
1747
415
895
919
192
882
262
193
1714
2575
988
1647
1161
1789
1101
271
2890
658
1339
2910
276
637
1535
1616
280
281
340
1637
434
285
1968
287
288
433
1371
265
2299
1086
60
295
2193
1369
1258
817
747
2788
826
1002
2078
2122
256
1955
938
1294
505
2993
1453
1121
1778
123
436
409
1259
2696
320
1740
1737
114
2409
790
326
1901
519
1972
577
1639
332
953
535
335
336
2252
1078
1640
1829
950
2394
201
962
700
1164
1461
1848
349
591
252
357
353
1178
84
563
1197
1123
2524
1410
552
2090
516
364
1606
562
367
1966
1344
1326
383
937
1779
2579
125
1611
1656
1347
1377
822
79
233
1142
1429
211
2483
1221
849
2775
1936
2981
1863
588
1419
1650
2686
85
1109
1733
1384
2447
2918
1726
1382
1690
2778
2111
2498
318
2957
852
1985
1654
2488
2898
2440
1593
2883
2974
1430
857
1318
423
2263
970
116
331
2638
429
439
1801
1684
1800
1017
1514
1041
1268
459
439
719
992
1826
1712
1993
1111
514
1263
1416
2822
2985
2694
362
1964
1790
916
611
2099
885
1679
692
1273
462
1589
1791
882
405
2870
2646
2612
118
2619
472
914
686
374
476
147
478
479
856
1748
2134
1751
1760
609
642
1165
582
489
1678
491
2515
904
1392
1124
328
2839
498
823
1314
24
1391
1322
1737
505
81
2324
2768
578
700
511
512
513
2198
1308
92
2354
2891
455
550
83
522
47
161
192
667
2035
528
1467
740
531
479
2588
534
2710
2672
1863
538
1120
1482
1426
2546
1412
1185
1610
2533
2110
51
1025
1301
715
978
625
1866
604
1158
557
1295
540
344
1523
1217
2978
606
1061
566
556
2182
569
1132
1133
1604
573
574
368
841
6
1915
579
603
1466
1621
376
584
1822
430
587
2404
345
1250
1920
2395
2380
2355
1191
1222
282
1219
531
1943
601
15
1201
872
445
949
363
1683
56
610
798
2616
2782
949
929
565
2584
2655
619
2766
1350
622
519
566
330
626
1958
628
2808
613
251
2026
587
634
2403
1642
909
1480
2407
935
623
1337
736
1197
1115
741
43
509
649
1294
1553
2439
1378
110
1912
2884
2680
172
477
1085
1397
2701
663
1343
2251
666
321
1167
203
2650
1060
1238
746
2852
1716
507
2411
1930
679
1305
1674
1040
1041
2531
1293
4
616
20
1531
690
1473
2340
1721
694
1979
1550
1469
2017
75
2860
1122
907
385
1727
134
2269
707
1198
489
710
2925
1690
2104
1241
2174
1167
327
718
615
1519
721
59
361
749
1929
1856
627
1470
488
2559
731
732
2913
1544
2156
2128
197
738
1750
931
2538
213
715
2722
1388
900
721
757
1657
2652
2639
2865
1110
2011
103
663
1154
758
1501
546
219
948
2420
963
814
515
1566
176
733
1735
771
2583
2558
1477
734
641
94
1546
104
701
692
499
400
2547
785
279
1058
1303
1443
853
2041
2622
728
1483
795
870
987
1613
2004
609
557
2716
375
2772
2449
533
1768
1984
1776
484
1848
2154
1261
814
815
2413
1446
910
1170
1103
874
1127
1366
1524
1295
305
1971
1958
605
1113
863
1969
833
1532
2937
2221
879
838
446
834
1055
842
1468
1643
1421
1144
1288
63
2364
2059
918
2009
635
303
530
68
2626
2466
859
1232
2849
1685
270
1849
1582
1986
1311
244
1862
1631
810
2887
1976
884
1723
918
1405
1114
879
1756
275
1775
855
668
1736
886
887
1383
1485
890
1673
1596
35
346
913
1502
1495
887
0
1786
2862
1983
1914
2992
2320
2699
907
1223
2919
2940
471
283
785
966
1240
108
888
947
871
2425
410
298
923
1696
1122
15
124
2146
1149
930
903
932
708
2474
2753
936
1030
1130
1760
452
940
1984
1461
1366
1602
946
2938
1065
1445
1905
1406
952
577
1931
1078
132
254
2458
959
960
1264
1429
164
633
965
720
1103
968
358
598
1067
1630
1337
1273
975
1995
1418
1824
21
1809
747
2178
1779
984
985
986
1672
293
2526
2227
2047
62
2702
2530
5
1313
2520
1608
999
310
1307
844
2288
1134
1005
2295
1007
523
1697
2066
639
1489
460
703
2814
147
2020
42
1400
2392
1021
2592
2988
296
8
1448
1533
2379
2442
1030
1166
2641
2861
2523
2417
883
1037
1972
1086
1515
1622
1042
1376
138
272
1525
925
2554
2456
927
2691
219
2786
1916
2633
851
807
2485
1059
1289
2806
1375
593
2243
1287
386
1316
2911
1619
2695
1071
951
1700
1074
1282
690
167
1384
1360
2858
1081
1414
1083
1665
1303
910
409
921
146
652
1017
1678
994
1094
1153
1097
1880
1811
392
647
719
2656
1595
2173
2934
831
1120
1330
1347
1488
2034
1112
2296
4
1115
678
297
1118
586
27
1162
2936
1123
442
1708
1126
1127
1864
864
1271
1798
253
2372
1134
1447
2555
1137
1918
1623
1140
1505
1998
621
413
1913
1728
1147
1099
839
2844
911
1815
1153
2585
1253
1858
2796
229
1181
1064
1161
1487
151
314
2674
2613
2477
1319
2548
2391
2927
1231
1239
934
227
466
127
806
102
1180
974
1031
1183
1689
742
836
1187
216
954
686
724
1068
120
1008
194
1989
990
867
1069
167
2824
895
1150
1795
1835
1206
263
683
2390
1648
2216
2052
1739
1214
812
631
1448
766
2991
1990
2361
364
1348
1039
2662
1203
106
2088
32
1556
1231
1865
583
1207
1988
220
500
1138
1783
487
767
840
297
1764
922
2064
1978
534
796
1338
1251
1296
750
560
1255
1256
745
381
232
1924
2756
1262
447
1346
1265
908
1545
1832
351
2167
2929
782
54
933
1205
1413
188
1278
1216
354
1837
768
1907
928
2649
1286
1182
1987
1098
1695
2181
1141
1888
2307
2312
789
1688
1119
1178
1300
1924
267
1949
1581
361
845
698
1308
2990
943
64
999
2653
1780
2527
695
2504
1318
382
2783
526
765
1323
1758
2415
105
1317
1004
1889
2016
1245
762
1709
21
395
1336
111
2810
968
784
1057
1731
471
1877
1068
1752
527
246
145
81
753
2901
2482
1535
1355
1872
294
2952
61
2657
62
1530
1363
1862
2120
71
293
1631
1369
1092
734
1699
1911
417
2109
2628
1957
1797
1011
1919
2133
1382
589
529
1721
2495
2139
1442
645
1290
1157
141
1563
71
2950
568
2203
924
89
97
1341
1402
958
1404
1835
2587
2789
2956
360
1014
1213
432
2999
1954
1415
1646
1417
2200
869
1735
300
681
2816
1424
1425
504
1387
347
1356
1283
989
1546
988
1894
1387
386
1751
1438
1255
53
2499
474
1443
1444
1445
2025
2663
323
1449
793
1833
779
1759
1601
598
2331
1978
1263
677
657
878
206
1763
1334
1372
1466
2670
2645
778
595
249
1044
1947
1049
697
73
1239
2738
1479
2027
1481
1482
1927
169
2162
459
1204
816
774
451
142
1492
188
1370
1458
96
2003
1498
1806
687
893
993
1892
1504
1505
1105
1536
1948
501
2257
69
1806
2777
811
275
445
344
600
1922
1982
159
628
1523
1524
289
2149
257
1528
2939
1977
679
717
1533
1534
413
2689
481
1224
286
1540
1541
2132
1543
1544
1882
457
827
1548
548
1518
1399
1569
1553
1331
1436
497
1214
1558
1910
1560
1252
1798
44
1949
1349
205
1327
1568
1495
1971
1457
387
1573
1243
2760
610
1185
1422
1584
1580
200
558
1372
564
1154
1052
1587
1195
1162
385
842
1016
1352
462
2226
791
1658
1598
646
1026
59
1979
1603
2690
1605
2105
1918
2460
1216
1394
1241
75
909
2851
1615
378
962
810
128
1463
1416
516
1561
2580
1625
2008
1208
2765
1744
547
2001
1070
115
865
1311
649
542
2541
1692
2451
1896
1642
2435
994
1645
1441
804
437
948
589
1706
2175
2297
889
986
1656
1093
2190
1659
1943
464
324
238
1455
1910
1694
1667
1750
2664
659
415
1903
1643
1450
1675
904
154
2092
67
1047
636
1096
2160
1748
2330
183
441
886
1506
1236
1018
91
416
237
643
1063
570
1856
723
1599
2820
1348
1791
2629
58
1722
291
1819
369
2042
1112
667
1713
820
236
1070
539
1741
2536
1799
560
187
1694
2630
262
1886
155
1146
957
1902
392
122
175
1884
770
2719
2261
1552
1893
1844
2220
1742
1183
2519
36
657
2030
1193
2213
186
2143
1151
2199
1536
1755
2551
1757
2942
2018
1853
1761
132
1281
2676
470
702
119
240
711
759
687
206
1586
135
176
1895
540
1840
906
2246
1584
757
1781
1784
991
762
2306
1705
1184
772
1697
825
1128
41
1522
1131
796
1875
1431
1906
655
190
1733
1804
1805
1138
1807
2881
1839
404
1592
1812
1823
1814
894
370
214
1731
837
1901
1545
1742
912
1001
2265
1795
1827
1186
607
397
271
216
1820
735
1746
412
774
119
2063
2055
2365
1100
373
1403
1845
510
2112
902
1275
982
1045
943
1864
1854
348
911
1565
1858
49
2124
68
1364
1205
1825
860
971
1374
2471
1869
1870
317
1003
372
546
1106
2119
490
2050
2576
272
1395
1302
1899
1227
760
2280
1793
1888
777
1053
599
2188
1873
1467
2949
2737
442
1775
1653
27
327
743
113
2601
603
1942
2410
1359
847
2508
1007
2412
866
2192
591
18
1826
2550
352
1790
1186
1338
1923
396
2238
2358
1600
29
1929
1930
1723
866
1702
1934
1235
55
956
1345
1939
937
1766
2888
1693
1064
1945
1946
212
2511
707
2684
2073
532
2790
1032
1537
2989
1957
1435
927
2081
2518
2335
1401
2688
2117
1786
204
2916
1969
1970
942
184
1975
1451
1833
712
2609
96
300
1521
1376
1982
924
808
682
2062
1987
2254
811
111
2909
1992
1591
2472
277
1914
1997
908
2924
1744
515
1168
250
1989
1725
1015
1242
8
9
1571
1240
1383
2185
826
2311
1970
416
2980
644
1975
2084
22
1010
2235
1903
538
1209
76
2972
2069
905
510
1411
2414
1008
1552
2754
38
1624
638
2571
42
423
1487
972
525
730
1365
49
1981
311
1163
1157
912
389
1513
45
282
444
966
1032
1361
348
694
1934
1452
91
1572
1353
2769
2068
72
953
776
831
458
77
1015
449
278
1128
82
2396
84
659
342
1716
1093
1302
90
801
676
93
2446
323
2661
1447
885
2608
100
247
990
377
856
1676
1227
2241
1867
1187
1224
1931
801
590
2767
511
1980
1587
865
56
735
1841
1732
2043
1019
1275
738
977
2114
1937
993
1757
1354
133
1887
2982
1465
137
2386
139
140
592
1507
2678
144
233
2817
234
748
120
2292
1770
944
750
1677
155
2228
1048
2750
2383
2454
1994
1433
2879
355
165
303
1312
1580
1889
1005
454
2944
2761
2834
1627
514
1230
2748
1360
398
1260
182
1618
2427
1066
1191
624
2908
28
970
184
764
1450
830
195
130
480
1284
199
2758
201
741
289
1496
580
1965
207
2304
776
1018
703
500
2127
1248
215
2007
217
218
737
1516
1108
2857
1118
2528
1554
1900
227
1912
2747
250
881
662
190
2921
134
1233
2932
238
1088
148
241
2022
1555
2079
1634
1711
2835
336
607
109
1271
252
1855
254
523
401
1023
1822
766
313
2322
2136
680
264
1494
1457
267
268
2522
207
1877
1905
913
1406
1891
1050
1821
1847
279
204
343
1433
2303
152
2698
2687
359
288
245
1053
602
2418
1034
2333
746
381
1616
1079
299
1537
1579
547
594
330
305
1865
669
1659
530
799
1398
226
185
572
1280
2387
2240
318
1547
1159
1563
2046
123
928
325
1486
1669
672
2301
1117
1027
2713
2147
334
1598
248
337
780
277
1385
1531
1687
200
2654
792
894
16
2271
1129
380
1745
2487
1831
354
629
684
800
2704
70
876
964
362
363
2244
1444
2621
338
708
1767
2894
1665
665
1514
1968
375
1581
366
2878
921
2854
1853
2962
979
384
1927
1911
2749
1328
1707
1510
476
926
493
788
1310
368
191
2433
2907
400
2353
379
403
33
10
406
2751
2998
1364
284
88
1063
1539
414
1254
588
2971
1800
2423
12
1603
1710
43
2481
2539
1736
1079
1415
30
2195
1652
998
806
572
435
1635
1976
984
1608
23
980
142
2720
444
487
1709
447
149
1907
393
2101
2493
494
1439
1073
366
848
67
1296
322
461
1916
1352
854
465
1386
48
2323
34
891
2740
850
473
7
965
1377
477
2665
884
2675
613
1057
483
654
485
1229
65
1908
2346
2077
840
401
1462
1424
701
310
265
1089
95
942
644
1460
2977
1498
2315
1304
2797
1502
1234
1904
1299
410
1988
781
825
1962
1193
813
73
675
2214
3
605
1315
1405
819
161
2316
529
298
754
532
533
1617
1928
1
45
2051
1455
2871
2549
542
543
140
2787
2232
253
2205
2598
837
1036
1062
553
608
2019
536
433
407
2108
2935
847
562
617
564
1876
836
144
1396
508
2097
269
1579
389
1200
2125
2093
315
553
579
1509
581
2726
1854
2671
809
897
2013
2948
1741
307
1693
881
1268
2512
2961
696
455
2877
969
862
66
742
838
313
1033
1614
2809
2268
930
2573
2945
1993
1861
1894
312
1688
617
618
1641
1363
621
115
292
315
2150
528
627
2973
1520
1961
1836
755
739
495
371
1010
843
1259
376
640
815
1834
1200
325
791
1136
391
266
2339
650
651
622
2437
1020
1288
656
2342
2717
920
9
1148
1669
1087
664
665
1638
963
716
1172
1375
671
575
1676
1520
675
1002
1638
763
689
249
2836
294
1493
684
685
561
2373
688
1784
1647
2072
460
1788
1503
2455
696
697
874
915
1077
163
1306
1759
704
357
52
1743
2448
575
964
1420
169
713
2349
387
716
2169
1006
418
763
1780
722
1247
2480
377
74
2445
1380
729
1188
178
156
26
1250
2791
2469
1210
457
824
1176
1765
1499
1411
1761
474
1828
2794
2159
1237
98
52
2983
1588
1199
1821
1
2968
1686
1237
2010
554
1215
492
1746
1527
50
2745
1628
1797
770
2194
1819
773
736
775
1108
1439
1331
935
1707
1065
782
1192
1725
733
456
1454
469
1935
790
946
630
475
1652
1272
1159
2362
1900
1035
1582
1702
848
803
643
2222
797
1717
2071
1700
427
1029
1600
17
2826
2370
1695
1774
2276
819
1705
1570
1456
1501
1654
1792
467
1269
2326
829
830
319
2741
833
1747
2275
849
470
1977
2525
1569
841
1962
2389
844
1766
2876
1787
2168
379
1838
7
590
2500
2847
2802
343
1304
44
2617
725
2846
862
863
864
789
518
573
1636
1121
1500
80
443
1485
821
671
876
877
878
1680
1059
1568
2313
1610
816
1049
370
2915
888
1591
481
2321
635
1484
1493
783
1522
1365
899
654
1199
371
896
1310
922
1964
241
1612
1639
1557
2308
2260
729
1349
473
347
1641
504
852
1156
1781
1464
2102
2476
1996
1368
264
2024
1201
2006
1906
2130
20
1203
561
955
936
597
1512
337
1490
2366
302
773
944
2744
150
116
189
1928
583
702
1136
351
1034
955
754
1179
1432
1621
1753
961
1471
2360
333
431
1586
1335
1538
1529
1469
39
1473
1357
1393
1323
2625
2163
1769
2685
1395
121
2091
914
1011
1098
1573
218
203
989
2388
1508
1256
1479
1604
1805
652
769
998
1938
1000
1840
683
1872
1773
306
1490
1699
2597
1082
1358
1080
1012
1013
1462
2236
1810
1190
210
230
30
240
1789
257
1394
217
981
1617
1028
422
1739
177
673
1575
1967
1155
2309
1037
2023
475
304
2002
2098
1043
828
1491
1698
1551
1673
195
1543
1164
725
469
1813
104
1341
1067
1817
1169
1060
48
365
567
180
1021
1066
905
110
1069
615
139
1279
1130
1868
1075
580
1077
1851
1483
2293
1081
1623
1083
1339
1071
112
544
1088
1588
1090
1091
1072
880
1094
537
2930
458
2049
2959
1027
571
1102
1325
468
181
2682
1107
208
1477
1701
1827
1175
205
1114
777
1116
846
1434
1119
1390
435
33
1390
1361
1496
660
350
623
287
153
2829
855
1997
26
549
286
1973
2501
1276
1177
2239
854
1143
1144
1024
331
2428
1148
2793
1150
162
436
2532
1575
1226
2958
521
1454
1508
1947
682
676
805
1333
141
1342
668
1168
1169
1408
1625
524
1624
424
1179
274
521
1196
1236
1180
1181
1182
2677
2036
37
743
185
1188
394
1326
574
1883
0
2723
2375
1196
1937
1312
235
1025
1158
1202
1329
2563
892
2914
1292
1560
1671
255
2513
224
290
1330
2545
1609
2922
46
299
2201
1221
418
1468
31
1215
1155
1100
877
173
1230
1283
1194
438
1234
2352
753
255
1238
2521
1432
1852
285
1935
25
1355
1246
1596
1248
2987
1113
1251
411
982
65
14
1463
1257
714
1941
1260
1261
2517
152
995
2142
1512
632
1576
1557
29
1661
658
1211
129
1952
1276
1823
1890
54
1280
1281
1075
131
182
2889
556
1287
952
2356
2250
1291
661
685
1475
2085
2151
1420
1298
1299
2363
1301
722
32
691
2976
2029
2204
1715
1967
316
1101
2833
2279
983
2873
1316
66
1076
1175
1320
1038
1322
419
820
1857
2045
1327
501
1585
1440
712
1559
1648
1334
648
704
2327
821
1244
342
1016
2037
74
2131
1974
1346
378
1220
1233
867
1670
1332
2189
2337
1583
2157
2347
1620
1359
1799
87
1362
2905
1607
2946
183
2764
494
1785
2798
1898
1321
1373
997
1698
1333
1092
1378
967
245
578
2054
2118
527
1219
224
126
266
2632
1541
448
1392
1777
157
1590
1850
1397
861
1129
2941
273
1402
1403
402
2436
614
2267
2429
1272
570
1917
1307
1413
1576
334
417
606
977
186
2223
1421
2416
1423
951
567
2400
1404
86
440
2086
1264
28
89
1434
1675
405
1437
239
1257
633
2692
1442
2920
1222
2535
1701
871
520
1146
1570
1451
555
2875
981
1915
1456
2784
453
1208
1427
544
1633
261
1464
1343
329
563
304
468
1847
1712
1472
150
168
1785
1277
2212
1478
396
1141
2282
2615
975
2031
369
1842
1704
545
1489
1438
40
1492
349
1494
1995
535
1497
486
718
1500
1542
37
1558
1504
177
972
2967
1297
2281
425
93
64
1513
1486
40
1879
618
1550
136
2443
425
421
2234
824
1525
843
765
2812
1892
1106
1422
1024
2206
1534
1009
2478
290
1132
2658
1050
1371
1542
202
1820
170
1663
191
70
450
2270
1664
2845
1428
629
92
2606
624
1228
390
759
451
1562
674
517
1602
168
727
586
1738
2560
1265
832
2183
1574
917
2283
1577
1401
503
1629
2552
171
421
225
365
472
520
2943
1507
1044
2848
6
1593
1583
2900
872
1538
2567
1651
625
1875
1565
1769
1801
2053
1606
2161
1562
1609
1152
1176
316
2534
1614
273
449
1578
1618
485
1242
228
1125
1082
448
2792
857
727
311
2106
2465
106
1632
1052
1992
1258
2473
699
1749
308
2074
2893
483
440
296
1645
959
1953
2338
2470
771
1651
189
108
576
319
1335
2964
1939
2350
1660
2805
1662
1663
1664
2627
2038
1667
2586
2302
499
226
2486
744
1782
1804
101
1677
1085
832
2401
755
673
850
1891
569
2314
602
1768
1056
1661
541
1692
875
934
1325
129
1358
124
1666
2595
419
1933
2040
1704
526
2180
2825
1708
1808
1515
246
1471
1890
600
339
130
2565
1718
2774
1720
1385
1722
1488
1724
784
764
597
1728
2831
1730
1289
1732
46
1796
1756
2514
1567
1738
1682
1832
1718
917
900
1874
2885
1828
491
2452
1772
2718
247
2028
1680
1754
450
352
1778
1758
1204
827
1715
1274
1763
1895
828
2803
125
2376
2129
619
143
1615
2631
55
818
1776
1777
60
373
1076
802
2177
1783
2693
478
355
434
713
813
786
1846
2714
1793
326
2743
653
1796
1990
1944
761
1111
752
752
1126
2087
1499
215
1808
630
1810
1811
1812
1099
858
539
1940
787
1254
1597
16
845
263
1476
902
127
1803
2561
80
1932
2015
892
393
1973
163
2089
554
2277
1878
1948
525
1841
1842
1843
903
758
1298
1426
638
1849
1938
1851
2574
1653
950
2148
601
1857
2801
1279
467
1861
2369
548
1190
916
1866
788
1868
51
1031
2060
1942
78
681
1267
2444
1599
259
1879
446
1315
2705
1548
1419
1885
616
1578
372
1171
2620
1686
794
1125
358
599
2126
1897
1898
2759
974
720
2607
1139
1991
1880
1192
1711
1137
822
1636
1720
1320
2842
1794
983
1594
1950
1511
933
492
1921
2171
808
1679
39
2697
860
1173
1633
804
2904
2635
1474
794
2475
2947
2245
2969
2378
502
2869
1131
1056
1944
1871
1622
829
1951
1332
1950
1951
1452
1649
1472
1012
817
1480
2217
2076
1960
5
1726
1824
1097
655
1966
2172
2341
1792
1324
1000
1843
1408
1974
932
1028
99
328
549
1506
1876
1207
2866
672
1091
2164
1198
2067
1881
2926
1991
2103
1357
221
551
680
1577
235
453
2000
506
242
1124
295
34
1696
1038
632
97
642
749
1660
1909
232
1001
1061
698
637
2094
1687
1878
2624
2048
1173
391
99
196
2843
374
1559
2298
2872
2033
2703
2827
390
2506
834
461
2377
420
335
543
1009
1356
1013
723
1529
102
1003
1344
1300
1605
565
1787
2056
1266
2058
1528
2917
2061
2224
2065
2123
83
880
693
941
1637
669
506
1710
1172
1246
2075
1959
2739
422
284
2080
438
1859
858
875
2679
2457
641
1574
1292
2732
1389
2496
2255
1212
1526
2096
1045
388
1871
1262
2256
2489
2450
1885
1062
236
1674
2432
799
1883
941
745
2867
128
2115
2116
726
1282
1410
2262
2882
2406
1640
2556
187
166
1425
1954
456
1714
1035
1859
1350
2121
2135
889
896
454
341
2140
2141
1431
36
1860
2145
159
333
2329
2070
1870
1554
428
380
1681
1666
321
893
2158
320
1317
604
1729
1046
79
332
2166
699
25
1613
2170
2012
2771
2284
280
156
2266
647
209
2179
2459
2165
174
634
1729
2467
432
991
859
220
359
2191
678
406
1936
674
2196
2197
2984
1381
2853
308
2202
2572
2502
1229
1396
164
2208
2209
1367
2211
1913
1749
835
2642
10
961
239
1156
1649
1160
1135
2966
1762
1328
1902
1953
732
1838
482
537
670
2233
95
1655
798
2237
1703
1869
1228
786
452
1566
870
1955
2438
2247
1174
2728
1290
1449
1926
2253
1772
1589
1530
301
2258
403
1999
1095
1095
1527
1476
2953
802
1269
608
269
12
1685
706
2273
2274
835
2516
2896
1220
1453
1886
2757
133
1291
1919
1277
1418
1773
1691
259
2811
2291
2286
973
973
1802
496
312
792
2651
2781
805
1572
1152
2144
670
1564
1166
760
1727
1046
14
1163
2813
214
1353
2405
2317
1379
103
2856
891
261
839
486
2325
1634
158
2328
1855
1703
2604
585
229
2334
1671
558
2850
24
1354
2057
2430
582
2343
2344
2345
709
1475
399
256
1592
2351
2497
1314
1116
1225
502
2357
1926
2359
77
2484
797
873
306
730
1459
1909
2368
710
2152
2371
2184
1266
2374
691
1956
1526
2229
1373
1226
2381
1351
851
2398
1270
1597
818
1959
648
1286
906
2083
2393
223
243
1657
2397
664
2399
581
1682
2402
513
1427
626
846
1084
1830
873
1309
1459
545
1601
87
1189
2681
705
555
677
2537
1607
57
1019
1683
496
2426
2570
709
166
258
2828
559
1594
19
1043
2021
653
1689
356
1881
2441
488
1925
429
498
2725
407
1484
2336
2995
1595
270
2453
160
596
1247
420
260
1933
2289
339
11
2463
2464
2734
1814
367
2468
107
482
222
231
1465
1174
244
1006
2507
2
2479
307
1788
1734
1109
1142
384
1243
47
414
1834
2490
2491
1809
408
2895
1446
2294
1626
1458
1058
2618
695
1033
82
1547
1194
1770
1627
1305
2509
1407
931
22
2667
2711
1398
1047
595
1999
620
661
1104
868
426
631
1724
346
2931
1668
2529
17
1571
179
112
2821
2763
322
1658
1844
795
997
2210
2242
2581
2544
594
1160
2892
508
1743
536
1518
197
2553
689
541
1517
969
2248
2419
2290
1055
1491
783
2564
1210
2566
1646
1436
2569
861
939
2382
2923
1202
1345
612
2577
2578
971
251
793
2582
945
979
301
1899
212
1441
2285
1816
2591
2955
775
2594
1249
2897
1771
1585
2599
2600
175
2602
117
1921
1932
1532
1730
2721
317
1252
2611
919
2231
2614
1831
688
2300
1626
2779
1393
512
345
2623
1635
976
151
960
1981
1020
1039
1815
956
1096
2634
181
2636
550
1284
509
2640
404
1503
2643
221
292
1051
1713
1171
1734
1223
430
2970
1177
196
717
552
2996
1107
2659
2660
431
1074
1388
426
1684
2666
1873
2668
2669
350
781
2
2673
2153
1293
1764
180
1511
2706
1147
1407
650
2683
118
901
360
329
1985
2424
1994
2107
1412
926
1368
1632
1151
1430
1839
1825
2492
1143
1022
2800
466
1670
1519
2510
2708
1184
1381
1719
2712
1029
2264
2715
1818
1342
706
2709
1521
1460
744
268
2724
1104
18
985
2249
2729
1245
1755
2461
2733
1850
705
2186
1896
1478
1399
1379
611
2742
1497
945
109
2746
1555
2462
868
923
1211
2752
779
1435
2755
939
1509
1630
1922
1225
1140
2762
338
1367
1829
1329
23
149
2138
2770
1022
522
2773
160
996
1054
899
978
143
490
53
568
210
807
2543
2647
63
571
666
1564
309
2082
772
1719
2795
100
507
243
1846
1309
1139
2975
947
2804
61
2230
2807
1336
2644
1510
740
639
1306
76
2137
495
225
170
2819
1278
1920
1551
2823
1319
992
731
394
2431
171
2830
1561
2832
234
2219
1170
503
2837
145
1386
2840
2841
2776
1470
1845
1362
412
976
1908
2503
1084
178
58
1882
1556
2855
780
222
2542
2859
1619
645
660
2863
2864
2933
1983
2113
1752
2994
2421
1080
2032
340
2874
1213
1102
1628
41
1400
2880
967
1996
2912
656
117
2886
640
1644
1110
748
1672
1212
1960
2590
1650
1754
2596
383
2899
1540
463
2902
1370
1036
208
179
2348
2610
1297
194
324
980
399
2259
11
1145
1945
402
1567
1023
714
1217
1409
1874
146
1549
57
2928
1765
1417
1782
2838
69
1105
278
198
230
1941
2540
302
1963
2187
1830
283
1054
897
309
211
441
1474
260
1813
314
2735
2780
2954
2731
711
920
2960
620
2385
2963
1681
1662
13
228
518
2422
1963
1351
1590
1195
693
751
646
138
356
2979
869
1073
2648
890
1549
596
2986
1249
726
1753
2605
1818
199
1285
2603
787
585
2997
408
78
