6390
383
1187
7881
520
4753
1814
510
2324
201
5204
6633
1984
304
169
15
4900
899
1492
918
1986
119
6011
7241
424
5000
6162
710
7060
29
30
4831
7272
193
4099
35
36
37
918
3784
7962
903
1602
896
568
2229
2058
2409
2626
7041
1267
4587
4989
53
647
7831
3737
490
1945
59
6489
534
62
1568
170
1608
1765
6325
5477
975
3067
3851
5889
6377
6568
7849
1598
1651
7093
1589
5506
7476
4089
535
460
1093
2280
3268
1964
3137
6517
91
6875
276
2122
250
1867
1277
7639
292
6991
209
3320
6063
5925
6404
6553
734
2087
594
4345
922
112
245
114
4049
7515
7047
1560
4116
120
3004
5440
1092
5394
249
4384
127
2749
6776
1220
4658
132
133
1197
5857
2285
780
419
6815
5061
3798
17
2374
144
608
1792
3446
256
1940
7006
7403
4823
4015
430
2214
156
1909
1183
159
2794
7043
1791
1015
3049
6747
2810
6261
317
4361
2160
384
1343
345
2720
6025
4139
3837
7599
6810
1142
7936
4734
183
374
2342
7891
3054
7146
399
6454
7367
1708
3040
5714
195
2789
5379
1978
432
347
201
161
3756
7569
3805
371
3990
677
7224
210
1179
3664
3158
136
1791
1263
3425
4948
315
2942
910
2672
764
2174
0
14
5718
2564
6895
640
6700
3278
112
234
5862
6461
4425
3024
239
7488
170
1299
1298
534
245
7118
6033
975
6669
6272
6345
4482
2899
254
6745
511
257
2218
2975
6697
3142
6751
263
264
3063
1556
1133
268
1429
7003
7378
2956
4576
4755
31
93
6907
1342
66
280
2702
5664
7483
284
415
21
7596
2827
6962
1577
4846
3890
1218
4521
4525
3591
2694
978
5881
886
7931
826
654
1502
6348
3083
64
308
309
4487
6066
6639
952
3374
689
855
3101
3965
6323
5519
3260
983
3459
7814
2933
1903
3935
5033
922
7061
3003
3165
6819
334
7939
336
5169
7426
82
2565
341
3738
343
4830
443
1222
795
1313
3480
1925
1233
5873
4169
1549
1652
325
3195
1775
359
7768
407
2818
2350
4292
1118
4810
2489
1500
1232
896
6216
3151
6631
654
5326
376
377
4451
5625
1108
5650
1892
6159
1977
385
386
7068
4
6431
7928
2062
630
2294
849
446
6430
2733
398
800
2646
3785
6983
1925
5096
4252
836
173
408
7710
410
1611
1196
227
6496
132
455
6099
3962
2400
115
421
2436
423
3335
2957
6369
4353
573
1583
1754
3499
719
6453
12
152
436
5883
438
5631
6656
441
1087
5689
4040
2647
4876
171
6799
121
433
3022
2535
7242
1015
5946
4721
457
458
3084
3799
543
4973
452
6466
1106
3200
4585
6357
4801
2260
706
1816
3912
632
5431
1174
6349
1027
1718
4977
481
759
483
1226
1390
6291
967
2835
538
5870
3889
3592
3730
3694
3948
972
497
2801
3008
3848
1266
502
961
842
1805
3330
5701
6692
3539
973
4028
512
2482
2071
154
893
1312
2793
6578
687
521
628
5893
799
61
590
5653
99
3843
267
1882
1998
533
2035
1780
536
3936
5038
1247
745
1767
1308
543
812
6336
726
547
22
6690
4894
2104
552
4506
1537
7350
7799
5677
471
4698
4534
6255
4114
3792
3170
3382
3934
3929
1109
1325
854
2449
1247
5586
6651
2948
1072
577
389
579
164
3238
1152
1052
7555
2870
7210
7942
7225
589
6276
1162
6217
6998
5071
7480
561
597
598
5980
1010
1127
1690
603
7842
6116
606
1912
786
7786
7763
7993
6422
322
3226
181
2189
617
3778
3476
7435
1136
3229
1636
624
1280
2326
3315
1008
623
6925
1588
1191
5498
6742
1428
2470
5158
638
639
5187
641
777
1690
2621
6905
3489
805
648
467
650
165
5082
7539
4373
409
3408
461
6360
3813
498
675
3780
5834
664
1958
2018
2714
678
7764
7629
7559
672
626
185
5585
7741
677
678
4992
4289
7199
2451
5376
684
3138
4001
499
1963
283
7231
404
977
2598
2168
2811
5816
3247
3572
5522
7388
5007
6184
2700
3308
4078
349
2820
3996
907
710
3879
6948
5830
3514
6725
5613
2890
3749
5343
4697
3993
4203
3007
5163
931
4494
6909
666
4946
845
3847
1275
738
5154
6457
1742
6593
2314
7059
740
4507
215
6827
5140
1397
19
3201
4628
3174
6258
3900
5339
673
3336
755
771
757
1807
5695
995
761
6196
5573
379
765
3862
767
768
5992
770
771
3977
7909
6549
775
776
7362
778
1743
7687
5941
2185
6892
6228
508
1235
6089
6185
1971
1149
6554
5937
1821
3751
6483
3838
4757
3649
6867
4328
3988
2651
3505
1240
6646
806
1403
4381
1090
5254
427
812
7228
7584
815
779
3503
2815
1545
820
5557
3498
2478
1703
2776
7873
637
4186
829
830
901
2093
1912
3187
7748
601
1442
7537
1050
2837
2974
7044
2066
5355
1430
7184
1993
2641
1404
6516
5835
1083
879
854
3952
856
1883
858
859
6152
7617
2559
837
7665
6040
274
1551
416
1172
6518
484
4279
5963
5052
875
876
6756
3568
5729
880
881
7534
214
884
149
7109
4272
1090
1935
930
6987
3203
4650
6830
4624
43
833
1268
17
4463
5549
902
5470
2083
3038
2282
907
6464
3244
1769
2902
727
3135
1941
3085
7130
6604
4738
2255
6868
1106
1131
1596
1293
925
766
1074
7026
6480
1439
5639
1130
2211
1401
3841
4752
7165
7877
2637
2117
955
5741
3029
944
7758
7193
2022
948
46
6752
1799
1932
1943
4841
5369
7594
7174
5203
1540
1346
1260
804
963
2606
6726
7565
6102
5040
3598
45
846
4694
3246
1185
6890
4529
6843
255
83
936
5884
3676
6718
6271
4065
6180
6710
1339
4648
293
4547
1260
4403
6630
6979
1001
2413
106
4684
5287
3264
1287
823
1957
1005
1006
613
7969
7885
13
1011
4224
1013
1741
6214
1573
2648
6798
1019
1020
1021
1936
821
581
5706
1026
6791
7301
7152
5292
164
1755
6016
262
2391
5472
7948
3445
1039
1007
3865
1609
6279
5511
683
999
1543
3090
3
3088
7291
3926
3860
6863
4899
1056
754
3025
1059
1482
7735
1062
5016
2572
1065
1113
1694
7012
6664
6560
1071
6768
2439
5794
5269
1076
3711
1078
3840
4905
4031
1615
1083
7243
865
5998
1087
962
7040
193
6676
2016
2688
5990
5406
1096
6663
739
545
1567
7054
3753
1509
734
6573
107
7953
4760
2453
5025
2090
4603
4075
48
7520
3199
870
2892
1274
3532
1121
526
1123
911
1303
1126
145
3127
1654
1182
1156
7811
4341
7083
1135
7895
1318
6008
3822
1461
7829
1142
7468
1710
585
1258
1668
3644
3612
6589
5568
2366
3110
260
1155
3156
1157
1158
4444
5617
3939
5606
2261
5904
3527
7091
1173
3660
6738
5668
306
2277
2678
7420
4
4331
1151
2036
6067
2458
1181
470
5957
1184
6397
1186
4747
7519
1343
7212
1371
2084
4457
7755
1195
630
278
5749
4872
7925
7947
1836
763
1204
1622
776
153
2620
2181
514
6797
995
934
1214
5260
1245
5350
4071
1219
7341
1221
1222
4584
2088
1117
1519
556
1812
2137
1759
480
4779
6787
1569
1153
1288
7668
572
2169
7640
471
4302
1437
2751
6933
1667
2379
172
6981
6452
1243
3479
1567
4439
3355
5099
1257
560
1259
4117
1720
1262
6719
2361
3261
3819
7249
3181
7
7273
274
1272
2492
4903
1360
423
6898
4011
1113
1630
1739
1390
1283
1078
4009
5764
1002
159
1289
1910
6736
2304
4433
505
1295
1030
652
529
2745
1300
2924
1302
1764
6473
34
1306
1307
3334
1948
1310
3932
1081
2795
49
2613
7370
4980
4727
588
6493
220
5171
4222
2418
1471
4792
10
1895
1104
7436
1331
1332
1213
7739
6259
6339
712
1513
6329
7326
1137
246
4676
5276
5180
1954
1347
1950
1349
1350
1602
1716
1722
3177
2362
392
1699
5088
219
4136
7379
7013
4868
1658
1365
3388
1298
1368
1684
187
3292
2717
1373
2405
1375
859
8
3191
4610
5603
2102
3313
1657
1517
7941
700
1005
639
1114
7484
7747
4622
614
1075
4818
7770
109
5352
1672
2727
207
6760
852
1538
6092
5064
6284
1408
333
2916
2802
3521
1770
3517
1661
1416
3961
1425
4415
1950
267
2186
437
7546
5307
1426
850
1428
980
1732
7113
3956
5238
3194
1435
4418
3321
2762
1377
6545
7365
970
365
7016
7119
197
7858
7827
7785
3318
195
1452
2953
1454
300
4796
6807
6014
4940
2689
1909
5611
3455
1464
701
1466
237
1897
651
4412
7339
929
3259
1789
1475
512
1642
1478
2467
6667
4539
4103
4517
5475
1712
60
4958
1125
6194
3817
3771
6361
532
7115
5510
1496
1931
2496
4996
6365
7450
450
501
1032
1505
2923
434
1508
1637
4315
3888
3972
7325
7387
1242
2636
3976
3818
5097
360
221
593
3418
3839
1525
5114
937
1528
6199
1530
2701
6769
565
1110
7976
981
3757
3596
2889
7730
1101
4523
6085
1544
867
270
2622
3550
75
6167
1370
7975
4128
1098
3894
6728
5262
6117
6423
3349
5841
1605
6041
6074
3300
962
779
63
6002
704
6886
378
6335
6163
319
130
4631
6174
1579
4696
2225
6645
5744
2764
5103
5395
1292
4629
6221
1590
405
1515
1512
4837
4511
3392
1597
4908
574
1429
2074
2940
1603
1604
6070
1606
5448
6714
1771
380
2721
1315
3620
3176
6178
4944
6563
4714
397
3893
6638
1403
1790
1818
3047
6918
622
4795
4536
3192
6950
1632
4213
1634
4562
3623
1637
1638
1639
4861
1641
1967
6055
3294
6735
3951
1846
3816
608
6042
1214
1881
7875
20
5049
1656
190
146
855
3954
1491
1662
617
1481
3322
1688
1246
4396
6508
7604
266
7579
2251
7907
4294
1230
331
6881
6324
7481
4579
5401
1127
7821
3666
5513
1792
4806
1523
7874
507
3296
418
4615
1695
1696
1697
2922
4202
2509
2431
509
1991
6817
1658
5070
871
1708
1709
3788
1711
2731
7985
30
350
6154
676
1255
4693
4285
883
4835
673
671
3824
3767
1727
5687
4054
7322
7123
7025
6591
1734
3240
6889
1737
1738
314
1460
384
7917
872
1744
3412
6001
3485
2192
2624
4473
1987
1752
3279
1968
7760
5197
4567
5286
1759
3035
872
6844
1192
1210
1765
1766
7328
4018
1715
4612
873
1772
1773
1165
150
1776
3293
386
330
1608
3913
1782
1783
1002
5200
1033
4700
5767
2932
5629
792
1017
1793
1220
1795
1796
7654
1798
1513
4554
482
7156
3611
4969
4728
548
1345
7606
402
1810
381
1643
913
6054
3204
7182
1025
2106
949
54
1392
7449
5536
3602
4869
760
1642
1522
1829
1830
4333
2644
2145
1297
6222
4003
3759
1862
1839
4875
1841
1922
1843
1920
6888
810
7620
7995
7844
735
1851
1878
2435
2059
1469
6613
4101
1858
1859
1860
790
1862
4050
139
1972
1443
1638
1797
749
2824
1384
1872
1578
2907
4286
1589
950
1866
3338
7548
1729
3384
4111
2028
1885
7706
1887
5959
1064
1890
6120
1565
4563
1894
6660
1277
2936
1098
6569
7636
3178
2591
6952
6829
1582
1747
81
628
5771
1937
4145
1523
2758
2476
6462
1916
7176
3983
5371
6242
382
1413
3484
1924
4156
596
1927
1928
449
1811
422
1761
1091
832
7718
717
680
3161
1939
3173
1758
333
18
7526
1362
3708
4420
2444
252
6137
1951
1952
1585
7478
3211
5582
6157
1235
4777
2316
885
615
7360
2248
1965
217
2207
6538
329
561
1892
761
1688
1974
7851
259
2841
5091
1979
4055
3401
1784
5564
1599
1805
20
1238
5210
3512
5421
6277
618
1993
1732
1995
2268
1997
2376
7963
227
2767
3656
619
7221
653
979
1314
3569
897
509
7910
6321
524
7375
15
968
1966
80
478
7890
6713
1314
7461
332
25
1344
2281
4569
869
4124
3164
1085
5923
6322
2329
68
1484
6043
890
1505
963
1875
2528
1066
1418
870
5685
3581
968
6049
51
6053
1659
7731
55
7020
57
58
6231
6144
7800
3036
1596
4140
7727
5280
723
1011
69
2072
5763
72
5737
324
1790
6884
4625
807
517
1819
1130
7690
4780
1294
85
5382
87
4909
6611
4360
2274
7864
4680
6425
2052
5344
291
1178
4492
6923
418
102
5836
1851
4945
7897
7916
5278
935
110
2040
2230
884
114
1445
1143
3800
5102
202
5256
1397
2293
1044
938
125
126
127
1398
129
3134
420
769
6230
588
4435
136
1108
7988
1898
7024
5645
1352
135
144
2150
1980
897
4817
902
6753
1040
1122
5619
5593
1319
2846
157
4209
1541
6922
5138
752
1739
1764
3975
5843
3790
908
1361
43
1438
800
4964
6317
175
715
1628
5493
571
1474
4558
923
183
845
185
4531
151
1919
4543
3477
1889
1514
2988
6280
1012
1564
6115
5085
3437
915
4293
186
2331
2787
1591
206
5976
208
209
3877
7034
7011
40
3069
4766
539
217
1850
7265
3250
2630
222
7077
3861
6058
4359
413
228
1455
5380
3048
232
5220
3193
235
6749
4253
5683
2913
3269
7597
2897
243
3097
2864
36
5642
2025
3409
4840
3985
3217
4074
325
1036
1481
1787
620
4654
1154
261
3826
263
1549
265
1226
3444
5898
3043
5654
2124
1495
273
866
7105
392
107
1785
793
5215
5288
7411
2513
5202
285
544
1905
1822
289
6510
3919
213
827
294
6094
629
6684
298
226
4526
301
2001
4821
7787
305
306
307
308
1295
1617
6850
894
2012
2003
339
7408
38
1345
1497
683
2904
2766
323
5206
2839
6688
7743
5812
2692
6519
2039
4147
28
334
4356
4480
5526
774
4646
1215
2222
1103
433
6873
345
3677
1249
5965
4171
37
4346
3546
1186
4997
355
5921
1659
3852
956
7376
1538
5751
5005
494
560
366
367
368
5495
1750
5232
2381
889
4642
459
376
7784
1953
4705
1489
1730
3307
251
289
826
5994
3406
735
4258
390
2131
5266
4597
730
2819
237
1480
3258
4737
1827
6227
2144
3483
404
123
1351
6934
1828
2746
2879
1252
2529
1985
4668
4260
1871
417
1411
6341
3109
1141
1307
2417
1223
836
3631
4168
6864
429
530
466
1465
5977
235
142
6773
4504
5879
5887
2167
535
1804
1379
444
3351
3703
5123
4262
1129
2992
1284
5160
4141
454
6616
6417
457
4640
7532
4239
4653
1653
264
777
797
2299
2511
3153
7168
1699
1621
893
6294
824
6924
3056
5373
173
425
1762
3233
1023
6744
484
656
2334
2963
601
1097
5146
6648
7042
493
7711
7235
1296
5986
660
399
500
7364
5832
5534
530
1294
4854
1598
7418
7659
3943
3811
3878
6632
956
1911
516
6512
1084
66
3371
521
688
7208
5057
1607
2912
1327
1161
3044
5930
1162
265
5566
5537
1251
1412
5757
5430
216
540
541
1073
3072
1139
2064
7927
342
986
62
477
1444
5359
5953
1205
555
5341
3420
5324
3147
2327
5644
6828
563
2136
7399
6177
1956
158
5126
1152
4237
6372
475
271
318
1886
577
6566
1926
838
6666
1546
583
2739
1070
586
6997
811
589
540
5895
73
1189
5802
6187
2377
11
5900
599
6606
3944
2609
603
138
1784
2543
7725
5950
6872
1966
6762
2753
3542
7098
2075
208
178
6657
990
2393
1199
1321
7669
3755
625
98
627
5165
7448
1995
2968
2501
861
1783
3604
636
637
3794
4995
2123
641
642
643
5167
1499
5723
1023
1400
5404
3070
323
118
7137
7086
1035
1976
3386
2952
5702
2070
4454
6298
4918
182
3220
463
7781
3470
2437
670
1306
3531
7136
2531
7385
4552
248
5013
3845
5436
1889
682
1045
7021
4887
2777
7610
3304
3430
4122
691
6558
3605
1191
7149
5861
5497
1590
39
4761
7128
6929
6028
1379
705
1410
707
2051
709
1987
4309
712
4196
4479
7337
787
1863
767
2264
1334
3887
722
7097
5496
725
148
1660
728
6061
4453
6916
3121
52
3136
431
1483
737
4053
33
740
4201
3626
7401
5798
1051
5073
5837
748
4154
750
751
6686
753
754
6287
5127
240
758
390
3419
2744
7299
1946
1934
3516
5162
2946
768
769
5846
7937
4335
5968
7215
1223
1155
3863
778
1228
2614
7782
5574
3530
5263
77
3815
3710
733
789
7751
791
2164
5483
5878
1957
4495
5125
2580
790
7803
79
802
803
804
2735
4173
807
1217
5800
810
6319
4210
7314
7155
815
1726
1717
1102
1900
820
1838
822
2046
1446
3637
5580
1139
4082
829
6146
7813
3009
4022
834
7220
1004
5914
175
839
840
6915
2076
6532
1980
2165
2750
774
4026
841
1209
1229
2736
6642
5848
3241
856
2372
1341
7064
2891
828
6707
863
2958
6784
866
6839
7349
7318
5476
272
5623
2483
5940
6153
3202
1614
3034
463
4242
272
6949
16
935
257
999
7134
7111
552
7333
891
3565
3297
6273
788
2898
147
6332
899
6460
1091
1017
903
7117
905
2574
3551
6347
4741
910
468
412
4762
3700
3699
1281
2338
74
3103
4342
2105
398
1929
204
4107
926
927
2663
402
7678
1572
5589
6022
934
616
2707
5150
938
5797
940
941
4184
45
6498
5362
342
947
948
2158
2116
72
277
6757
6363
7472
559
1000
4178
792
5505
4385
1198
5176
1786
7510
1061
487
1293
7902
753
466
972
2217
5721
2406
976
692
1673
878
2959
1536
982
6786
6429
1588
1802
1
4765
849
6304
4233
3152
1920
2247
6254
993
6492
4663
1985
3429
6580
927
1504
6410
618
1901
174
2518
3991
1372
7368
1570
2146
1014
6838
6689
485
784
4045
1147
3683
1663
4938
1024
655
1026
1952
7089
1396
1296
7826
1234
2980
1034
817
7162
7517
702
1154
1040
5820
7887
3732
538
1045
3854
2639
4862
2661
401
838
6528
7968
1054
5643
277
5507
954
923
1060
2236
1044
1063
6472
1065
6126
6959
7663
242
5028
1071
3196
3552
1074
1075
19
2004
4393
1079
933
174
1082
6148
6743
3317
256
943
1921
2054
668
67
4726
2697
510
4486
3763
70
2667
7630
2558
4445
1102
6197
1104
337
147
1107
5375
4571
6311
2029
3736
2797
63
1681
6990
278
154
4811
344
7346
2159
912
2480
1457
3584
6386
4691
1963
920
4105
1817
2843
1194
4199
635
653
1413
3402
1140
1141
6432
828
4016
1381
4449
7850
1148
5209
412
3463
7904
142
3957
1061
4656
7647
4440
4362
912
1683
1777
3576
3687
1149
1166
4280
888
4254
1170
5691
662
192
5183
3875
6147
2856
7714
5090
9
960
595
1183
570
6164
4561
905
5913
981
709
1271
7183
584
451
1721
1129
1746
397
1733
6394
7030
1877
1336
6133
7147
5148
1254
1208
1479
4522
1704
1212
1114
1752
7619
1169
7667
6241
1676
5733
7769
7131
3272
285
379
1671
964
474
556
7298
459
4512
1233
7027
6820
3160
3096
1825
1239
3987
1512
719
5420
1967
101
7332
1949
7482
5408
519
2163
6435
1253
1964
591
3447
2600
7102
4724
6521
1261
1262
6086
4223
1265
2504
728
2986
690
1812
1271
4889
5314
4274
1816
478
5512
2917
525
4513
6095
6919
6499
840
5330
1286
109
531
5903
4566
5897
5504
924
4002
3882
1389
7879
3061
1069
6588
1407
4785
7284
5299
1305
6093
2238
542
6368
2060
229
1996
2484
5128
7462
1316
1317
1318
5273
4712
6388
985
4185
1156
5936
619
474
4954
3949
717
1207
4288
3690
1337
4391
1336
7707
4982
7248
346
7157
1918
1968
1344
2408
354
2182
4643
7869
6090
1211
6626
5813
877
1355
6778
6937
1358
1843
3960
6831
1362
3974
3558
4098
1583
1367
1368
6340
5658
102
7170
605
1374
6283
6171
1377
742
443
1563
7815
1085
6953
1669
1385
5868
7101
4688
1280
5399
528
3903
2118
6874
593
6515
2479
5795
1417
1679
1600
4277
5305
6509
4211
1406
6485
4877
4549
3609
505
5527
7470
1414
2485
1416
307
682
2770
5591
4590
2352
1317
4892
1411
942
1427
7645
4112
4083
3641
7724
2825
1434
2665
103
4325
2397
7972
1440
1441
7094
4955
6433
4664
1446
703
1487
7949
7409
2782
5445
2120
1454
1770
5809
7062
1456
1879
567
23
1462
472
5509
348
2195
1631
600
2068
6869
1471
2615
1473
2748
1475
225
1477
7096
3310
5786
4858
4577
6534
3812
4768
1797
3028
1488
1489
1496
1323
1919
1493
7000
1495
358
988
1525
1468
906
3970
1502
3389
1504
5177
1463
4219
2363
1839
3557
7848
2677
3462
3030
1874
4007
1137
1518
1508
3554
5381
1828
1818
6804
1524
1701
3511
1263
3823
1949
2495
4606
3891
1534
1535
7112
358
1624
1539
3130
130
391
328
7211
3306
5674
1635
100
4904
1335
4895
1552
4194
2401
7970
5115
1557
4594
406
1560
92
2900
775
4848
942
1566
900
436
1355
230
2026
7292
1573
1388
4441
7965
1363
4220
1215
1580
1581
1252
2307
1584
6195
462
2860
5231
5451
4284
6108
5042
5863
819
1595
6505
6806
5581
5551
190
1601
303
2990
1227
290
1855
7754
1751
4985
489
582
251
1425
7522
1615
1616
3726
6865
5391
659
180
1622
1623
120
1022
7896
3901
1628
1629
861
4901
1632
1633
3431
5486
2955
751
879
6449
4626
5349
1158
105
1151
6723
681
5783
3288
1542
809
1258
2568
4510
4850
8
191
6848
987
992
1660
3089
3115
6808
2623
6467
782
3577
1624
3673
2532
4217
4735
13
1674
3395
7870
1571
1678
7304
4516
1148
4326
645
2765
1867
411
58
1600
6376
5050
4966
4994
3520
4828
5712
1246
6704
1698
3808
4374
1415
1702
711
4458
1535
4500
7467
228
6946
6096
3316
391
2582
7384
3519
7915
7996
1718
1426
1479
1395
1585
1723
6408
6125
816
1312
1728
1731
1850
3600
1430
7922
1774
931
6047
873
2440
3461
4888
1569
1711
1743
5711
1584
4138
1747
4514
244
5761
2311
6701
1753
6421
1686
1756
356
3439
5334
5094
1761
1094
48
5597
1289
1991
3450
7670
1031
2595
1459
4503
7957
6940
288
6262
1559
4545
2645
1780
1781
6957
1617
7138
238
1786
4984
1788
5079
5592
222
2317
1257
2289
7190
1796
1490
2771
331
6
82
1670
1058
813
4133
6436
1231
1808
1809
1160
1305
5295
772
6399
5309
7660
298
16
3902
6073
550
1557
3533
1824
966
957
1242
7324
1829
6219
686
655
1833
6880
1663
4986
1837
5037
5351
166
991
5155
976
7309
3696
1846
149
5478
5372
6788
4198
3675
353
3869
1855
1856
98
5027
1859
1860
1861
4042
3227
2530
1865
1646
3739
1868
6158
4672
2278
1476
1042
1874
1875
4370
1689
7595
1713
928
4778
5869
6945
1835
3465
1385
1570
7285
241
7817
1891
6772
1893
7497
947
1896
660
7437
4113
1620
6978
5340
1903
1904
2941
7223
4307
1908
7506
3629
4878
3375
1230
7959
1341
7580
7657
434
1757
1529
6793
296
1923
3859
1498
1926
1927
1928
1895
2183
55
1645
746
146
1935
7394
1937
6837
2865
1940
1241
1586
5346
549
6859
7529
2538
2267
636
7846
3691
1511
1953
7057
6621
6705
347
738
1959
5890
1961
1049
4179
1592
6982
2263
3904
5181
1984
1970
5607
3545
226
1450
6439
4085
5331
1978
3426
3758
5067
7308
6105
1627
1844
1986
6941
1988
917
1990
1077
1992
7246
1682
3456
3966
1997
958
2465
7523
4484
3172
362
582
12
2006
937
1989
2009
5230
2011
6789
4644
2014
2015
2551
7486
4263
2019
1241
2021
904
2023
6814
3051
1016
2027
657
7063
440
4489
4544
7605
2295
3295
6
77
3946
7213
531
1189
3772
7202
2044
2045
5709
4126
5116
1469
5595
3665
4303
5931
553
3326
4659
2057
621
4764
4195
2715
7227
7196
6189
1734
7568
2067
1686
6251
7613
2056
6887
2073
7543
610
101
6015
2180
961
1650
1521
4363
7
4957
1259
2086
4669
6661
5302
1032
2091
6717
1848
2094
2147
529
6123
295
2099
2100
2110
4208
1478
1672
3586
1942
5752
7865
1671
3821
2983
2112
5543
3896
2315
7033
1913
155
31
2640
1814
1611
640
7567
1837
3328
171
5294
1832
7305
5437
1721
1625
5304
103
591
2709
2984
4235
2140
2141
1933
2143
4508
4181
5777
4649
5119
375
2450
2616
2152
280
1979
7973
1545
2157
373
659
1811
6547
7036
537
71
3634
6023
4354
7570
1930
1409
1939
2799
5875
5214
2175
2176
1284
982
4675
5981
1001
7316
532
1072
1917
1422
1847
2188
3510
2943
891
301
1607
4789
1466
914
2197
4241
2199
6988
1012
2202
4791
6856
2205
4143
1021
1561
6266
2210
5892
5999
2213
1667
583
1118
181
750
3111
2220
400
4021
2223
1524
7989
2226
5270
5129
3744
3905
4226
6020
2233
2234
7007
1554
2237
1036
6451
2240
7092
4056
233
2244
6370
7460
304
6416
2249
2250
5620
1365
1356
6292
3486
5282
2257
1406
7509
989
6129
6385
2402
4305
1224
1394
1694
3540
3876
3910
2271
6750
1432
3630
5283
1503
7167
449
2279
3754
713
416
7964
7563
6984
2286
2347
2288
3481
5190
6775
3027
122
124
6234
951
2605
2298
7107
2300
2301
3770
1491
5839
4809
2306
3709
3390
160
5583
3016
808
7405
4769
117
3013
7843
2318
6677
6727
2196
2322
2323
3622
2138
7577
3080
7980
5983
919
631
621
1112
6620
7756
5523
2337
1849
2339
2252
609
3197
1801
7049
2885
4043
7642
2803
4221
649
924
6334
2353
6615
4902
2242
2357
7254
7503
2360
1079
3742
1396
698
2365
6030
2089
576
2369
2370
2783
2475
2512
143
1039
4155
5161
7432
5487
1145
797
6594
2383
2384
7934
908
7719
6097
6805
3555
3239
2392
1693
2394
1134
2368
5601
2398
5474
2816
1507
6765
7458
2336
6079
3050
2552
594
5828
1419
2585
176
351
7721
4699
2416
1758
355
2419
3026
7323
2422
6647
5894
7453
2426
1836
2725
1578
2430
4368
6711
4364
4314
6970
2432
7369
1876
1539
547
4706
4067
2443
1173
2445
4091
5546
2448
28
485
1193
3143
3076
7538
1290
7015
3023
3941
5087
5680
4465
5616
2404
5533
5454
6134
699
2468
6967
5458
2471
1553
5457
3208
6192
5766
372
178
3741
1264
7108
513
971
1894
7359
6418
6244
6763
7240
2490
6520
3942
4559
314
7310
1216
5366
2498
2499
7116
3273
1418
1200
2265
1547
4212
221
224
7926
5703
1989
7466
5984
2514
3098
5891
3601
2546
3578
2883
6523
354
3639
2524
2344
2526
1994
52
573
690
7336
6202
472
1627
666
2536
3428
1735
7313
1612
2541
2542
1340
2544
2545
5792
7954
1576
5172
7705
5429
3567
5882
992
6634
6359
367
4583
5615
3255
2561
3850
4786
7860
6671
1417
1337
2519
3478
24
960
5584
2573
395
5459
417
150
3856
676
5117
4380
6774
2583
6487
6309
1521
7717
6409
514
1975
5400
488
1619
4044
2671
1548
7648
7356
6801
7454
78
1930
4770
718
437
1391
1177
1228
6855
2610
525
7562
2149
811
5484
1008
4673
620
5638
5735
6936
5696
188
1849
2625
5676
2627
2628
4951
3593
115
1540
1150
4564
315
7967
2302
6698
6296
1594
4557
1387
2643
1609
5530
2978
445
3671
7736
2650
4910
533
2653
544
7722
1864
482
2658
1300
3411
7441
1801
281
1668
5175
6274
3116
1516
511
1437
6835
7076
2673
1216
1808
313
523
6012
2679
3032
4805
7987
1754
1221
1592
3094
4164
4581
316
6237
4120
3441
730
2081
2695
5412
452
2698
6818
1046
4398
6088
612
5659
2705
7177
3325
4871
1202
2710
2481
1527
5805
667
236
5716
679
2718
6046
6572
7924
5328
246
7923
1910
6135
4884
5598
788
2730
1712
2732
847
5255
4017
7342
693
4296
3361
6619
5426
5880
1824
5447
2033
4227
853
4372
1224
369
2387
4276
3653
4814
2755
1009
1399
1913
2759
4259
4921
6527
7804
184
2272
731
5428
3435
887
6316
4572
2772
2773
2774
2775
1745
339
5051
681
1291
2781
1451
6722
1907
3236
2786
1325
2826
2664
6459
240
718
2031
6481
4748
2796
1691
1484
2172
6207
1146
6605
2348
2804
6168
6121
134
1175
86
166
2842
2812
4913
5704
5514
985
11
141
395
7192
2821
2822
7456
5803
2590
862
7126
86
1541
1115
2831
2832
846
2649
1574
2836
4313
368
3728
2840
742
2187
1133
7443
548
1423
3827
2848
504
4633
699
7889
2853
2691
2472
5801
789
4873
3881
2290
1760
888
2906
35
3352
2866
4686
2868
954
7801
6091
1787
657
6501
3086
2876
2877
1529
7511
5939
2881
1537
7822
2884
2756
1678
2738
1000
831
3366
6351
4661
708
2993
4802
7009
3651
1707
4481
1630
7158
2602
2903
321
2747
2685
1515
212
6964
2910
6834
1826
1360
946
3950
4268
225
2918
6225
2920
5427
260
1932
6494
4311
1625
4166
6407
440
1219
3834
2166
813
3914
1333
974
5003
6004
6354
2951
7329
4269
3924
2944
1533
6904
7819
1645
1565
7415
439
212
116
614
6921
2403
6427
1244
3415
5337
4771
2065
6702
7702
2965
2814
2967
2516
6746
4593
6285
131
1506
2654
3327
2976
2170
4541
7684
951
7185
6484
6985
3535
4204
4807
6513
4617
4565
578
2991
7381
6084
3423
104
871
7528
1327
230
1024
3399
422
5785
2396
1845
3006
2275
2080
2382
4092
7835
7276
5853
3014
7894
4592
3017
3018
5066
3020
1174
7442
6624
7124
853
2037
6052
4080
1869
748
2415
4527
5398
926
41
2358
646
1041
3039
4110
1794
4711
204
6295
7612
7250
2926
231
1906
6288
6771
2577
5144
1579
3345
5997
4207
3058
3059
2216
7535
3062
1493
3064
7173
4088
4073
1640
7078
1830
964
6541
1988
4377
3075
180
7611
7524
5104
470
7171
4710
4006
6281
7867
2875
1057
2503
7319
3353
6574
34
3093
2711
3095
2292
7493
1131
430
4692
1891
5054
765
3712
2356
6694
5663
2209
1420
4843
1353
497
4713
7327
1278
1885
3117
3118
1646
6600
3723
5321
2042
3124
421
378
1974
1452
4474
546
1854
7203
663
1640
6260
310
113
81
3387
3140
3141
1435
7001
7715
3145
3225
1746
6176
4717
3150
3705
162
4312
3154
4308
6980
1163
491
4438
1455
177
3119
1346
1225
1272
3166
2002
2567
70
1436
3746
568
5608
6958
3175
7783
2502
7354
1558
1854
3585
3182
1434
3077
3185
7257
1825
42
6601
3368
4097
3624
6893
602
5491
7396
429
3198
848
4772
3597
2412
4332
2082
3205
4533
223
1488
892
4130
7807
3212
5108
3214
4390
6976
2096
4860
7812
7245
3221
3222
988
6343
3720
4636
4352
3228
7178
2737
6891
1969
2231
1264
6583
3937
465
2399
5690
446
4421
1547
4815
1095
3245
1018
1003
6680
3249
71
2459
2095
3253
575
7217
3256
3257
5753
2537
7282
7943
1648
6445
996
3265
3167
7598
599
4037
2597
1707
2607
2378
5056
3275
3276
7459
1188
1798
6996
1135
1311
4505
4540
597
5235
2488
4310
6766
3290
3291
87
407
163
335
5860
1201
7695
1278
4214
3668
169
2
2594
930
5221
413
1593
3494
613
744
7685
1526
3314
196
2438
939
1577
7260
1359
6851
6031
3323
6071
5662
4216
1779
2053
271
1961
1869
5152
2576
5327
1983
5811
6653
4035
7666
374
3341
4291
1722
6101
4933
785
7255
3348
4960
6876
668
7236
6344
1701
5243
4240
1170
1467
3112
5746
6832
3362
7421
4882
3831
5010
6896
167
6446
3370
1819
252
3373
3155
157
3925
3377
2566
2050
2349
3381
1184
4641
2208
5876
4538
2193
7550
1364
2129
1519
5626
3393
7878
1030
321
3397
4230
3001
6625
5363
5915
7697
5535
1047
6495
3404
7229
3331
3410
5191
1706
5378
3414
5596
5532
3417
711
6877
1901
4109
5293
5224
701
895
2154
5393
7788
214
5463
5464
3432
3433
7634
1196
1028
2139
186
5492
671
3719
4225
2633
1853
1038
650
1256
3448
3068
592
6658
7338
3453
7139
3931
7882
741
1976
5627
3460
5558
1029
128
3464
5521
4051
3357
3468
2741
881
3471
2687
7951
6954
3475
842
1740
939
4281
5621
4087
3482
3427
558
986
4839
1737
1679
646
1205
5044
3492
1376
3309
3495
1807
5572
40
3678
3724
3501
3092
326
3504
6550
5524
6552
3149
3509
3721
7888
611
451
3829
835
723
793
688
1334
3795
255
89
665
672
3525
3526
5189
3528
3529
2332
3777
7082
1823
1176
6761
1147
665
3538
722
523
3541
2780
1922
662
7590
6721
6986
3548
1423
1548
2227
1945
3553
291
5780
4701
6289
7005
1458
5195
4144
1101
4788
1179
1971
3643
84
7675
798
6037
6240
1501
3573
4614
808
3157
155
6387
2686
247
4695
7181
3583
4406
3701
3099
218
5539
4621
5575
1954
1016
3210
7271
7160
361
2873
3282
2224
7709
1914
5048
5699
7525
3230
2527
7514
3608
1410
6928
2713
6854
179
4471
3615
4570
5006
5045
3619
1902
4246
4200
6609
2043
3625
1647
3627
3186
1693
3254
863
3632
3633
2557
3635
3636
5236
6310
6610
3640
1037
2805
6400
1896
349
3646
3647
2742
1453
6597
6734
3131
1119
7655
5471
1412
3657
3658
604
3487
1575
3662
1815
1695
7412
7775
6607
2961
3669
3670
913
1804
1433
1020
1244
2896
2340
4949
5333
444
3563
2473
616
294
648
714
2966
3688
3359
4059
1951
892
3693
1776
3695
2829
4855
2246
340
2497
7198
843
3940
1322
7856
3706
890
6213
4927
787
5396
862
369
1647
1266
3716
5867
5665
1840
2452
2121
869
3765
5724
3725
5136
1916
5569
524
1775
6562
971
448
3782
5727
4657
741
7861
726
4702
364
5710
3743
2321
6384
1795
3747
6623
745
3750
4967
6790
3684
1248
901
111
26
6424
6356
2997
1669
1409
2494
1034
5908
5002
3073
1532
3769
6401
44
4750
3773
1581
5058
7487
7274
946
6576
4036
3603
3734
1180
1132
405
2632
7795
1144
3789
5850
3547
2631
513
574
2618
5854
2355
5389
5656
2743
3801
3802
4188
3804
205
929
6248
539
3809
7834
3114
4715
6247
7961
703
4248
5707
770
3715
3820
1283
2938
1670
4151
1827
2410
2847
6038
697
2201
3365
4137
3833
5365
3835
435
5170
7589
6590
7999
3010
3842
61
3458
3242
549
7950
1554
4461
6741
5443
1621
569
3496
3855
211
2190
3858
4434
1610
2960
6535
5770
2367
3849
7382
537
3868
4250
5833
3473
3872
2038
362
6944
883
4460
1372
3566
3880
1391
6975
5335
3100
191
4575
2779
4520
4419
7430
1553
3892
5922
4093
3895
6885
2603
3898
757
5080
3776
1067
1022
7540
5942
3906
3907
4655
527
1779
3911
4298
2420
2934
243
134
7352
198
6514
7447
3921
5047
6899
5024
7140
3394
3927
473
1363
3930
1871
3502
6235
7419
491
6845
3078
282
1908
6942
5647
1941
3267
3652
4613
7056
313
6181
290
2726
7383
316
3994
1865
1143
4660
1510
3958
6051
6670
7402
5098
3963
3964
5886
1727
825
5600
3559
7232
3971
6640
5693
517
3786
296
1597
387
348
4336
3981
3982
7750
179
1350
1439
1240
1415
3989
6145
4450
877
7218
1876
3995
3398
825
5618
3999
727
6973
528
1606
3506
2434
5602
3248
6687
2000
4010
3354
4012
3560
4014
4551
299
1348
1768
4019
4023
341
1171
2919
168
1125
1485
4027
5651
2200
4030
1977
4032
4033
5370
2245
5008
756
4038
1234
3680
7746
2463
2346
864
4324
1599
6943
4048
447
6238
5405
7871
2276
1053
729
2128
2132
623
261
2177
7816
2142
2668
2982
1447
6109
5844
4068
612
3305
4472
1248
4318
2253
3493
456
4077
4431
5411
7576
7778
1476
5325
2652
7079
1311
4427
2441
1351
5789
2446
253
1664
629
2867
4096
7512
59
2270
4104
1857
3277
7502
1550
2330
4106
7490
4064
3168
1868
3713
143
5193
317
1832
6767
1386
4243
4161
2977
6331
3421
7404
4751
882
3748
7438
3298
4129
6833
4131
7893
4975
941
4135
139
766
1383
5147
1687
5055
5826
674
5692
4501
4146
2612
2855
160
5929
781
7662
1064
6243
2838
111
1969
5978
2103
6346
3385
1206
4163
1526
7278
5649
5251
4885
38
4170
3169
2424
1190
4174
1169
1833
801
5768
5515
1794
969
4182
4183
5425
950
5479
2769
3011
5966
4190
50
1654
5145
5969
7686
4931
414
4180
6389
4847
2507
2854
5967
4947
5322
5018
2911
7431
2184
5374
6740
4483
7591
1028
2617
7296
1649
5560
5124
644
3714
1161
7616
3224
5932
5397
5290
6531
4229
708
1456
5784
1375
4234
632
1483
6729
6107
2063
1253
2998
1433
5323
198
3312
1648
2273
4652
4249
2008
4251
3215
6748
320
2589
1692
3126
6170
1187
165
4723
7631
2768
162
4265
4635
1249
6824
1799
731
4271
3610
366
6402
5562
4057
2999
7614
1358
7017
5069
1007
4283
1838
756
6901
4287
1332
2421
4290
3342
6474
4797
1503
638
199
1004
4897
284
4300
4301
7952
1382
4304
3853
3289
1771
993
1703
6032
1981
500
1702
3303
455
4306
5223
6696
1767
2085
3324
4322
4323
1276
1115
319
4327
1380
843
1789
4347
2429
1831
4334
1802
2500
4400
4338
4423
5229
1171
7876
4343
3702
273
6113
7682
1726
4349
3978
7045
5745
1735
4282
5975
1655
7125
4358
3797
90
7286
1347
3120
2108
4365
4366
991
1904
4369
876
4371
1056
2486
1700
2792
7929
4515
5924
4379
3997
2893
1060
814
4775
1542
4386
1329
4388
69
5173
1431
4392
2114
6739
7593
3218
5120
7485
1482
4337
4767
721
6130
6643
1900
4261
4407
5021
4409
4410
1905
1644
4413
4414
110
2788
4417
5284
1326
4736
409
4422
7469
4401
56
1561
7238
4428
6963
3740
6849
6852
7037
692
135
4819
4437
5039
1254
1852
1575
4442
3955
3945
51
7986
4447
4448
507
953
5084
4452
2319
1682
7180
4754
5670
724
4459
403
1760
7930
3301
1206
375
6965
736
469
6737
4470
3648
562
3745
4378
6143
3457
6471
4478
7845
1675
1124
1119
7587
919
4485
4024
3311
4488
3396
4490
1740
1333
4493
1238
1700
4496
326
4498
4499
1562
2949
4502
1772
1195
1763
1153
7371
92
2925
6561
5179
1193
4029
5565
4740
3031
569
1626
2525
2593
1684
1210
3518
4524
233
300
4679
7773
5481
2127
714
113
3564
3000
1990
4729
465
1177
3717
6024
909
501
915
1185
1614
4546
282
1282
4399
483
6966
3536
4553
959
6160
4556
6224
327
2493
4560
551
5132
1893
3329
23
2455
1768
5063
320
4548
3378
1182
4573
223
460
89
1366
5460
758
131
7151
1595
4651
5825
3171
1809
978
1753
4589
1421
4591
6475
3281
4936
3106
5306
7237
1676
3209
2581
6269
3575
4733
2872
4000
97
4607
979
1053
5354
1918
921
916
1033
5944
1322
1763
4618
6440
4620
7422
7566
2508
372
7439
4987
2682
6977
3188
4630
7759
6100
7135
4634
220
6902
2407
4638
4197
458
5657
822
1348
5550
4555
1019
7355
989
1996
7574
7868
184
2414
1097
7197
2861
6654
2521
6062
1490
1883
4662
6138
442
7035
4666
5993
4639
4013
487
4076
4731
4215
1150
7825
172
224
6383
3867
1109
1730
3302
7516
4704
994
4329
1043
6182
7676
900
7153
5415
4466
2971
7200
7348
7767
495
6320
4475
6539
1942
4703
755
5015
1310
4707
781
2740
5972
587
6955
7554
4834
279
2098
1914
2442
4719
2937
2850
4722
1356
5241
486
1086
6396
851
479
7790
5799
3235
2333
7833
2375
3159
5538
5218
4739
6570
2134
7798
831
4744
1566
4746
6618
3917
94
7757
1899
428
1766
6308
980
4756
4148
7018
6438
6208
5919
6017
4763
1550
1276
4132
7477
3628
2570
7945
7191
2563
4773
6491
2554
3796
7688
4535
1878
987
2808
232
5684
353
1432
95
5074
5261
1736
4790
1069
242
4793
393
4937
1088
564
5705
5806
4800
1696
6603
6780
4804
2857
7628
1236
554
6411
4588
4851
596
5030
1531
3764
3884
3497
1492
1062
6836
5547
4604
3148
4824
3727
4826
5077
1419
5678
669
4072
3689
4833
1217
453
210
7585
4838
5772
587
6193
4842
3491
2869
5916
363
2474
6488
6068
2296
5747
1774
1873
5466
3697
5567
3998
6823
747
1349
2390
2454
4863
1793
1144
4866
27
1116
834
1096
685
6961
1960
74
6551
566
396
4568
4879
4880
3846
5174
4883
495
3587
4886
5149
998
515
4890
4891
1947
4404
3828
1870
4896
2809
4898
7491
7983
1863
7103
696
732
3252
1921
4907
1691
6342
2456
4911
4912
6463
7521
4915
4916
559
663
4919
5855
2761
7053
1123
1564
5076
7899
867
4928
3803
885
249
7774
6064
5336
2171
6655
5281
7779
4939
2708
4941
4942
3286
1067
302
506
476
218
2706
4950
4971
7921
4953
2534
7440
7903
492
645
287
4041
3534
7195
4963
1778
970
7960
1402
2604
1027
4172
1651
4972
4598
2198
2173
3416
984
1486
7496
4988
4981
7081
187
4020
303
3206
4718
4193
7302
5858
4991
1105
6366
4609
7133
1218
39
275
1841
3383
5001
6218
933
5004
363
4781
7713
733
3873
6974
5011
5012
6443
6035
3015
6013
4351
1366
1255
1725
129
5022
3449
5456
1285
7884
5628
3364
5029
138
1265
496
328
5034
1705
5036
5698
6969
258
6212
346
3105
1494
6018
3618
6156
1705
4192
3561
297
4993
1623
305
426
4784
1800
1656
4476
580
1066
5450
5062
5909
29
7832
3019
6045
4411
625
250
607
1685
3793
1378
695
997
88
1999
216
1947
2660
1297
5083
461
4005
821
3251
192
5089
1237
60
5092
5093
6060
6913
5624
7652
7527
1082
2506
1745
2389
958
57
5105
6641
4191
2562
5109
7733
994
5112
4832
760
1938
1324
5432
5118
118
2097
5208
494
5
4355
6301
3436
7838
4725
7363
5130
5131
6592
4157
5671
5135
3237
4238
6142
3774
4867
6841
830
1500
6585
1563
1680
1683
1301
7549
661
1374
2719
4856
6504
6173
5156
5157
281
557
6559
4611
3832
6826
553
6299
3333
1279
6057
4600
1316
5081
1465
4952
476
5852
6522
1897
2515
382
2194
352
1209
6759
674
1068
5186
133
5188
6596
1587
4228
3379
4874
687
108
5026
996
5974
5554
2111
6972
3787
1661
4236
3108
2724
5207
791
1531
4348
7737
7632
1178
7386
7121
5814
5217
6903
5219
1962
6065
5222
4119
5212
167
5226
2156
5228
2703
732
6198
886
5233
5234
3899
3864
5258
4468
5996
5240
1058
5242
3287
1046
1744
5874
5247
7252
1769
5250
2599
5252
1999
679
5655
7551
5257
244
5259
1749
6355
4275
1018
5264
698
7234
7277
5268
773
7471
4893
823
2371
5274
3524
2757
4574
5669
286
6286
7726
5315
7618
4852
2586
1138
763
3761
5289
684
152
4962
744
5945
1380
7661
5297
5298
6141
1120
5301
6009
4743
176
486
580
473
7230
2312
1853
1163
393
1055
1273
6754
5438
5317
488
5319
5320
3616
6571
7911
1709
6048
1898
1806
1601
3005
1574
6161
1070
5277
5686
1820
4934
6644
41
920
481
5605
868
5796
302
1762
3367
783
400
1227
5244
5947
1398
5353
7071
1386
1604
5357
782
4095
5360
5361
6932
1981
5122
575
7295
1354
5
1992
5416
2914
1138
477
7353
2259
898
297
4542
1845
3762
2469
6127
5383
1619
7794
5827
1870
5060
499
5390
898
5392
2024
6691
3594
1402
1576
1810
2373
5943
3347
817
213
6206
5345
5159
5407
6114
2191
6239
5726
4813
4350
5414
2077
6448
6081
4273
4245
5356
5310
6112
5423
1917
4047
3897
47
3262
4424
3722
475
686
1750
5434
4462
2791
6802
7263
1364
389
1048
5442
4118
5444
105
5446
1742
2428
878
3284
5954
117
5453
7601
5455
634
520
6450
5239
4578
4125
5776
4836
6706
5465
506
6124
7179
805
7508
6629
2034
6781
550
2464
7297
1120
581
1698
5480
7664
5285
401
4601
83
706
4497
428
7692
5009
818
1741
6506
1840
1393
1414
6059
3871
6665
2328
1304
7267
4978
7428
563
2704
1522
5508
5500
2523
5952
1050
7998
410
203
1948
4645
5518
1460
3263
832
2135
3607
5736
1681
1285
2119
2852
2258
3562
7366
4976
2798
4408
546
4582
197
1207
2895
5540
5541
5542
286
949
1530
1884
6533
1463
4829
420
1555
5552
1586
3369
7029
1447
1299
1116
5559
4218
747
6175
5563
1613
3766
4965
554
651
254
2055
4058
6478
3515
4745
3452
1006
5697
5578
5579
4687
1302
2571
1367
1003
5640
1387
311
5588
4167
5590
1501
3021
6542
2487
380
7214
1665
2813
464
3123
1982
4344
600
5604
6567
1035
1972
4405
6927
7592
1462
6131
1203
5614
4264
351
1934
203
2888
2423
6500
6132
1303
6682
2517
3045
1756
2823
1514
578
7406
4255
5633
2
5635
1256
5637
1449
5194
2578
1704
1666
42
5910
7626
5646
2587
5648
6188
2859
944
1309
4069
3180
5719
2851
5553
5182
6730
3968
2309
177
1856
3938
4999
3654
1499
2447
381
1639
5134
5672
5673
2989
5014
2291
3844
2462
5679
704
5681
1392
1093
4783
1111
1328
1571
5688
7531
287
5544
2005
3973
26
4917
2101
5577
7518
5571
5700
5494
7345
1733
1103
5332
336
5142
5708
1906
669
5211
652
5713
6297
5715
1657
5717
2611
518
5871
1582
6076
3037
1328
4330
1736
3735
794
6413
5755
5731
5732
3041
2927
1231
7806
5782
1973
3065
5740
610
5742
3814
6637
5488
759
3733
6897
464
5750
6650
801
1335
5754
1443
5756
2930
2148
1641
5849
2388
5762
7728
1286
5765
3216
468
4599
5769
6232
5917
6083
1211
148
5775
7914
1013
5778
5779
3066
1301
2655
4528
1689
7307
1773
1886
1911
3424
1714
5490
1820
6715
7745
1269
199
1080
33
7143
7311
6524
2807
4231
104
6529
2505
67
5808
126
5810
1994
3874
7391
7099
5815
5787
6878
5818
5819
7533
1444
2047
1081
3579
7680
2179
4430
7847
1424
4749
5831
7495
3870
1636
2049
2683
5612
5838
6406
1629
7701
1370
4063
5927
1835
658
343
1076
4518
5489
5851
7004
2657
90
344
4175
685
847
4008
2635
151
4176
95
2395
5865
5866
6900
3928
2696
6036
605
253
352
1652
1134
194
1544
7852
7823
5100
4257
211
1431
5738
5885
76
5955
839
6437
406
7269
4455
7335
7400
504
4537
1291
5311
6846
5279
5178
5902
388
1164
3606
5906
5907
4376
1509
338
5911
5912
4395
4943
4605
2921
5386
522
7507
5920
1605
1822
3133
3190
3358
5926
3933
5928
5516
5385
6556
7729
1474
5934
5935
7207
6381
5634
335
6587
5107
1395
1613
6118
1983
4990
4467
5948
5949
6257
5951
3570
50
3052
1612
6709
1673
5958
3986
4150
6779
6119
5101
5964
5817
5991
1534
6006
1010
5970
1782
1785
5973
2945
247
3791
3082
649
1467
1728
1167
5982
1817
4794
5985
7649
5987
5988
5989
1724
6122
1331
6098
2874
5995
394
2345
6960
2693
7766
3189
7294
6003
4319
5632
4759
6007
7457
394
5272
7880
78
7233
5225
7361
1946
1587
3466
125
1441
518
4586
555
3500
4367
6026
6027
3590
383
7946
3549
361
85
6034
4244
6490
4187
3319
275
7771
848
7429
5938
2364
1168
5364
7588
5023
6999
2929
3959
1877
6338
6420
1982
6056
1472
624
4782
2894
697
5347
7492
786
551
311
1190
4123
6069
432
936
7373
694
5804
6075
7244
2287
6200
6391
6080
7607
3655
5196
4619
427
3650
7609
3980
2466
3454
7693
1405
196
1095
4402
6139
1229
1453
729
1340
715
967
6103
1884
1915
6106
1400
3346
3682
1172
6111
1164
627
6380
1461
5720
5192
4925
3413
7055
3144
24
953
6794
1
161
865
6128
3474
1516
3544
5790
3663
997
911
6136
1408
2935
7700
6140
689
2844
5587
6044
207
1424
6236
1212
3440
6150
6151
1194
2828
3405
6853
4446
299
4689
7830
1181
3285
1124
108
1815
5205
6166
1394
4914
6169
3280
4671
1073
2690
802
7765
5743
2553
1888
3107
4149
1059
1382
6183
2684
6993
3350
293
1510
4881
1777
6191
4339
6911
3775
3213
194
7575
4968
1464
337
2973
1089
7672
6204
6205
1485
943
2533
5329
1487
6211
743
1448
2325
6215
141
32
2954
1077
6220
5610
1269
2215
3642
1128
6785
322
6540
1664
2341
2109
642
6233
3537
4803
2262
2212
6444
6290
5065
595
1112
749
2178
6245
7393
4491
6617
6412
2030
633
2878
6253
4394
4052
522
1180
1888
6720
5859
1359
658
4134
3074
6265
3543
6267
3179
1146
6270
984
350
6428
3922
6275
857
720
6278
1717
7933
5053
7002
1580
622
5760
3638
4121
1552
880
1047
952
6110
7106
921
2310
3729
4665
3443
2985
6300
5198
6302
3270
7906
1536
6306
6307
4926
419
5168
1110
467
6313
5043
3885
7635
1200
6318
5348
4205
7698
2283
1381
7658
1568
1275
6327
6328
4979
906
4935
2608
6333
764
7186
5918
1458
6330
2887
1338
3679
4732
4647
140
4153
3343
889
7022
694
385
860
1831
3283
9
7552
3920
1781
6358
1720
1281
4758
6362
5151
6364
3391
2778
5019
1555
3087
259
6371
5899
6373
4340
1237
7445
1080
6378
1800
643
1323
6382
7424
370
5773
7072
3053
4464
4142
1168
6557
5095
3407
1823
6395
119
1864
6398
7720
6268
1881
4637
5184
5237
3731
7104
3442
1724
4061
3667
3372
6249
2995
6414
93
1618
2133
2858
1105
2069
6005
5661
1199
7374
1094
2729
2723
5485
2092
396
5422
454
1126
737
7372
411
1813
1121
1511
4530
5246
6442
4115
1393
3508
1706
4550
1213
2569
2734
7944
6010
3830
7681
3125
4189
1324
7052
7473
3883
236
292
1634
168
6465
6861
1665
5531
4317
6470
4477
5759
647
6482
721
6476
3071
2592
6479
1274
493
7465
5788
6755
2909
5682
2830
1309
1043
116
4774
1054
1616
4816
387
1099
1803
7413
469
1635
7656
2579
7940
3617
5847
5312
4232
2716
1404
202
6511
7127
4456
2950
1029
6796
6871
200
7744
874
2113
564
576
234
1692
6203
661
850
3588
4321
615
4820
4066
7377
1480
6536
7046
1031
426
784
3685
4681
1716
6544
1644
6546
3807
895
1051
5793
5842
7028
1041
1057
6555
746
1748
5449
1826
4034
4920
1618
6282
6564
6565
3698
4387
6486
1899
2461
4970
7141
7557
5823
2905
7073
371
1250
858
1907
6581
1594
3571
6584
545
6586
6447
3299
3507
123
6165
724
1052
5576
6595
5781
4509
6598
425
1459
6582
6602
128
4316
5424
4685
1533
480
4320
957
80
6612
7315
2862
7163
3163
2845
6652
5864
5253
6209
7008
827
2972
844
7222
1713
6628
3400
6226
1321
2784
3232
6315
6635
4165
5035
5110
312
1175
2477
3909
932
5367
4827
1100
5201
1518
914
1384
3363
4443
3207
5730
442
1749
966
3451
1203
1477
4924
6662
3659
700
7809
1821
5520
6668
2491
2549
874
6672
6673
6674
6675
6082
503
5133
6679
1383
1165
725
7578
1643
6685
819
990
0
5675
6350
324
1084
2305
1145
7956
1517
182
7772
6699
231
5517
2013
6703
2674
1543
6971
7734
6708
5956
145
7085
6712
7280
1273
5791
6782
5501
1842
2232
1687
6821
7691
1715
6724
1936
6456
2320
2588
1157
6822
4690
6732
5821
592
1973
5822
5630
3718
1960
4708
338
1873
6930
1956
916
2969
1677
5059
3
1014
3580
2760
2427
1236
6379
388
1376
6758
7069
5216
7602
7247
4670
408
5137
806
7643
664
21
6770
7340
1208
7494
2947
2460
527
6777
1320
7905
456
3522
2634
5338
3002
1099
4595
7407
824
2676
3752
2520
6968
79
6312
6795
1880
6403
1998
1970
7031
5199
3339
6803
1834
1674
5667
909
1282
816
773
6811
6812
6813
2256
1486
6021
1962
2699
590
53
6426
7886
2981
318
6825
983
1009
7390
1532
785
3599
156
7261
4256
6455
5462
7900
743
675
6939
189
6842
96
5413
3146
3886
7293
3490
7603
3979
3337
720
3806
377
5388
6497
6857
6858
6792
6860
1159
6862
7696
4383
7175
6866
7084
1330
5829
6870
691
1068
5469
713
124
2032
4998
1944
5139
7194
7389
6882
6883
76
153
536
5901
5164
7067
7990
3556
3810
206
6894
229
2939
1405
2882
3923
1086
1239
3768
248
565
1448
4084
5342
6908
357
6910
6314
1834
4870
6914
2351
3055
4865
6250
2675
6920
1738
7854
6179
2556
2007
868
1933
2806
4983
5031
215
1287
479
567
6935
965
762
7556
6303
1506
5548
1620
5933
7169
3033
2712
6947
3661
860
4158
6951
14
5078
5666
106
6956
5316
7789
5840
5960
312
7919
904
2020
269
137
269
3344
370
6155
5041
974
5141
7674
7623
3595
498
5872
3645
7080
1806
1965
5086
1546
5694
2203
1361
2754
6989
5728
5555
6992
780
4709
6995
7918
6050
5368
6681
3438
566
4519
1136
4580
1342
7859
6912
5313
1436
667
1092
611
330
2433
99
6733
2303
4632
7019
526
47
6039
7023
2425
140
2629
851
7560
5075
4429
4295
7032
3589
3969
602
2162
7699
7038
7039
4674
6649
492
3681
5905
803
1719
3102
25
2243
7050
4357
6458
4162
7644
3104
44
1202
7144
4825
680
945
1457
1450
6077
7065
1591
5441
572
1944
7070
2886
6149
5433
7074
7075
1844
4602
6190
4906
796
1562
5660
6994
1975
4616
4432
7087
6636
4436
7090
4961
3113
310
5318
365
7283
2790
96
490
7100
7226
2522
4822
6469
3332
6293
6223
959
1166
6029
7259
932
1338
7114
2670
18
7997
2908
1038
7120
796
7122
2752
1261
1498
22
2540
7145
7129
3825
7452
5377
4787
4025
4267
2560
6683
6840
516
1326
6264
7142
1497
6104
1520
188
707
7148
1140
6678
502
1292
1107
7154
4596
7205
6614
279
7159
1449
7161
7553
6716
1931
5213
7166
4397
3574
3183
2680
3081
7172
447
558
833
705
4278
1330
7615
2206
2041
6543
1880
7646
7625
585
1857
7188
7189
5249
4152
1507
1778
5358
6305
1388
3908
2996
1473
7357
6931
1879
1858
7204
5267
7206
6078
1438
327
4090
1470
3234
1320
2343
2335
5482
4070
1267
7219
835
928
598
1872
1279
1626
6575
5502
1315
1422
4742
2722
424
4859
7499
2269
3422
2228
75
7239
2662
1451
54
4382
3467
541
6186
3488
7777
3783
4922
7251
3513
7253
2994
2204
7256
6419
7258
10
415
5545
7262
7979
7264
219
7266
1389
7268
1610
7270
3403
5758
332
3184
7380
3012
716
32
7343
3781
1399
5652
3434
945
4682
7306
894
7288
7289
7290
783
2834
6847
3686
46
5570
7982
940
5265
7300
6800
5748
7303
1725
7938
4375
6326
4956
5384
450
2048
7312
2539
3376
1290
373
7317
1943
2659
7320
7321
1729
4932
3707
6337
1938
1593
584
1662
7330
3621
4677
6577
7334
2510
1470
2656
3057
4060
2457
1369
852
7279
7344
3380
6392
7347
5245
2979
1924
1042
435
91
329
3857
266
1117
7358
955
7677
7048
2107
635
6608
644
2785
7088
68
5068
1088
4389
6579
6072
2901
515
360
4159
3162
1955
7275
7095
3866
7287
837
1631
4297
1472
508
3129
6507
3042
7392
4469
4079
7395
1128
1197
7398
2235
1049
3692
1111
1288
6229
2313
6809
4776
7836
1748
3984
586
5271
3046
7414
5896
7416
7417
1354
4864
604
6352
4206
6256
4678
7425
693
7427
56
2728
5888
5725
200
7913
7434
6477
2669
163
5722
2928
1649
1882
6525
4086
7444
1697
7446
557
965
5296
7797
7451
4808
5409
5410
7455
359
1251
7966
1556
1890
814
158
7463
7464
1445
448
121
844
4923
1653
3523
841
1929
2354
7475
1788
6938
1675
7824
634
189
1650
1666
7762
1803
7633
1025
795
7489
1407
6374
695
2297
1250
977
1339
818
5979
276
7500
7498
6731
1959
7504
1558
7066
5856
1353
5308
6087
4853
656
5439
631
2880
4844
1037
4627
2125
88
5435
5166
1852
4798
7410
6172
7505
3760
2575
7530
799
2596
1751
2126
6530
7110
7650
6783
2386
1055
7541
7542
1440
1923
7545
3915
4959
7331
1559
122
5971
3947
431
4127
1357
4812
5403
1329
1955
2359
7561
875
2284
7564
4849
6659
3223
1100
5641
1468
4716
7572
1633
4247
6252
6926
7935
262
439
7573
7581
7582
7583
1442
3231
7586
5046
1603
4974
2763
6468
3953
6879
6548
2863
7547
241
4100
1371
7600
5227
1813
4532
2219
3472
1089
2155
7608
5402
2962
1357
7058
5845
519
5468
2800
2584
5739
340
4160
7621
7622
7014
7624
4720
4094
496
205
670
1160
4929
6627
1352
5636
1369
4266
7637
609
626
6917
7641
1723
6393
1243
3967
2833
571
7571
4102
696
2915
1270
7653
1427
4845
3613
65
438
1842
7984
3128
1270
5962
3836
2239
2550
7201
4062
3614
1319
7671
6526
7673
1420
882
65
973
6434
7679
5106
5300
7732
7683
2151
716
6622
462
6405
7689
6599
1204
4046
2871
7694
3916
752
4270
3674
2266
3122
445
6353
27
7704
5121
7397
5020
7708
1731
49
7627
5503
857
5072
1915
5387
7536
283
5525
1494
925
364
7723
5774
2548
864
489
2079
606
2061
2970
4108
4004
3992
288
7150
5418
7738
1176
7740
5452
1188
6764
887
1063
5461
3274
5807
4177
2308
4426
7752
7753
1378
64
6816
607
2010
5473
1755
7761
7837
7712
4416
1847
6000
633
7216
1680
4039
441
809
2078
736
5961
7776
6502
3672
2849
7780
238
579
6263
309
562
357
2115
3139
7742
4730
7791
7792
7793
570
2638
7796
1848
1757
7209
1192
5528
3704
4608
100
7805
542
2017
7808
1958
7810
1132
3219
4683
2153
2964
3356
3132
7818
84
7820
6201
4930
5561
7479
7010
6415
1308
7828
6906
1421
5275
5032
7501
4857
5499
3266
2161
5419
7839
7840
7841
4667
1902
798
3340
1714
7638
3918
7544
1655
1373
794
7853
1572
7855
3469
7857
2642
5467
3360
2619
7862
7863
414
7651
7866
6019
3779
3079
7051
5303
7872
5143
1887
1048
5017
1201
4799
2221
2411
5734
2666
7883
6367
5113
7351
137
1527
6210
6693
2681
7892
5291
969
998
4081
453
7898
5599
3060
7901
2254
295
1520
2931
7716
7132
7908
239
6537
97
7912
7433
1313
6441
356
1551
5111
1159
7920
5185
73
7974
3271
7281
7164
3243
4623
94
7423
7749
7932
1528
2385
1866
1198
2601
2130
7513
6503
762
5594
702
5609
1122
739
7187
7558
772
4299
7802
268
6246
2547
7955
6695
6375
7958
7474
270
917
2817
2555
1232
1401
5556
1268
5622
5417
1167
7971
1304
5877
2380
1719
1685
7977
7978
1245
5529
7981
2987
7703
258
1861
5824
5248
2241
503
403
7991
7992
1677
7994
5153
3091
3582
1225
1710
