7985
1
2
6795
4
4639
3471
2565
7687
1407
27
11
7955
928
7064
151
9259
299
125
4949
20
21
22
45
2231
367
782
496
9295
9173
8294
31
6761
33
34
7040
2294
7911
38
5230
1220
4521
2173
5053
5291
8789
6504
1163
5622
8325
6255
3070
8351
1120
3179
55
1017
231
1950
3802
550
5564
6419
2656
7600
5199
9049
9492
6829
1013
3574
1321
5528
8765
8841
1053
1515
77
1522
5448
80
81
28
9020
7498
9461
930
8251
9576
532
90
3186
4312
1976
753
5701
96
9733
6039
99
100
2362
3095
89
3109
9408
5761
8699
863
8826
4818
1270
7512
8994
3246
1389
8195
5629
101
8584
2099
5766
122
642
8713
6604
126
5032
8237
342
29
9615
6359
7560
200
3542
1064
137
1941
8503
3685
8373
5191
4675
1543
6936
1824
5018
7485
9531
4314
9276
7007
6260
1931
1628
2850
4461
5051
5981
4162
6177
2757
5056
3642
165
1671
3278
9003
8374
7129
3891
172
1525
8367
6522
176
4815
178
2601
2535
181
7309
2358
771
1334
574
4973
188
874
3368
8973
4514
8303
4141
4172
2722
1356
3034
5040
7606
4054
5769
6466
204
9721
4326
3619
3908
605
5309
9373
1823
213
5580
3779
3693
217
3532
4989
220
8535
222
8599
9870
1990
9154
3181
7248
7332
7114
6301
9315
7899
7563
5286
4648
7812
6249
7376
240
6174
3375
5585
2502
2109
8454
8272
7228
7803
5248
251
8514
3612
254
7773
2764
1476
2579
5298
260
2894
436
263
1954
9372
7910
3180
3530
8959
3475
5144
9675
3675
4134
275
8515
5815
7066
279
5140
3419
3474
4859
3357
8641
4703
4926
5160
8081
290
2566
130
4772
294
3101
8782
8329
2697
8470
2283
9862
3910
4066
8700
7313
3309
9540
1894
1753
6739
8927
7153
757
780
618
316
7729
9098
7197
5359
3546
7934
243
250
325
94
1837
8950
329
7371
331
4367
333
5819
335
3601
6924
7940
6103
6884
3916
8606
2261
5265
7389
8044
9460
4138
349
3531
5290
4078
2200
5662
5304
8921
4318
9357
4746
2627
3499
3335
363
6060
6716
4471
5390
6870
9512
9263
5559
3646
4542
169
5632
1639
2689
1694
8463
136
3805
9037
8648
8490
9415
3752
2778
6509
9770
3108
2769
3039
3417
3953
2417
2305
895
9126
7993
6149
1652
3155
575
5791
4112
1508
407
3310
409
36
117
2814
7262
414
415
1485
8676
418
3852
8146
9919
6030
423
614
515
5827
8202
6627
2402
1582
431
4302
1428
3589
4428
2907
8335
4147
50
5682
2813
551
9757
8992
445
2543
3981
7636
8681
2028
168
9921
453
7823
2027
6626
6350
9114
7322
1853
461
2808
7399
7506
7898
9513
9122
9249
5329
470
6232
8968
473
2561
6960
2570
7998
5531
8643
8647
8274
9146
9092
2692
2177
835
3576
9175
8904
6080
3410
1841
6071
494
495
7178
3131
8322
3534
1413
9589
6850
503
6961
3540
4330
2226
1924
485
8078
2411
4911
5870
3314
2356
2322
6075
8199
8035
479
521
5941
7029
6002
1847
3519
3493
524
529
1779
531
124
533
6791
5868
1737
537
538
5830
3347
1572
542
543
6745
1934
2933
7751
6418
8091
1791
3382
2403
9701
2153
4019
556
2999
2953
6428
9448
4623
3405
70
8443
8181
566
6091
5474
8819
7731
7033
8120
731
8472
7702
3917
577
578
579
2413
8990
582
6670
4853
9591
1342
9926
1277
455
442
9617
1245
593
3661
9712
5593
4984
1938
2225
7018
9041
2905
2462
6116
2680
6361
4997
608
7709
2738
4012
9430
9274
9153
258
8049
1993
8310
3866
5624
621
8538
623
5522
1487
4638
6685
9849
9203
3969
1854
8438
1252
1532
4388
486
637
1102
334
727
4933
5005
2608
1255
5612
646
1746
6904
4260
3041
9490
6944
816
1710
3299
8809
657
2706
659
7672
7943
7193
5030
6655
8808
2378
7331
4358
7315
5167
929
3926
6622
6653
1893
8861
6143
678
704
1287
1479
2114
4732
6370
6097
3303
4327
2447
230
2761
1173
6746
8873
7109
4721
9972
4272
7666
699
6669
2774
5677
8079
1558
9025
1706
1279
3049
9311
2704
8851
712
6093
3687
9817
833
3859
719
2110
2825
9376
3261
1410
2475
8116
726
8997
9052
2052
4796
8924
8986
5060
734
9070
6967
737
3888
3657
740
3811
8751
8619
3457
4800
1082
8231
1646
9620
7405
4624
4320
371
8817
9446
756
6555
8811
759
1814
8917
9170
9161
7294
8369
7733
1744
1105
2082
5393
2660
5066
7011
9344
8673
5361
411
9847
1062
8449
9935
3439
3850
784
8234
6582
7107
4918
310
2313
7001
3730
8565
4567
2367
796
5435
5336
850
1018
8693
1966
3696
5838
805
9138
807
6894
9819
4058
3404
9632
7732
2217
8173
6918
1404
818
5846
5153
821
9689
8262
8776
4924
1423
1736
8209
256
830
5804
5283
716
2241
4802
7701
2407
2446
2129
840
841
1256
5400
844
845
6606
2732
9354
8581
3444
3527
5274
8622
8483
7350
8260
6451
1852
2632
7740
861
7827
6169
5646
8037
9746
1474
8034
7624
546
4852
3760
5831
9904
4971
8473
3129
4233
6327
7080
6618
7419
8820
884
8128
7457
1798
1221
4582
1864
7000
1729
3984
1596
8716
6629
2243
808
4273
3677
901
3555
750
7259
2943
4957
7351
5636
3326
4982
3890
887
8196
7340
8486
9120
917
9741
7649
920
921
7523
2414
3244
5363
2472
5141
5700
7785
7390
5784
1813
7470
5619
8253
5495
7363
1042
2711
1783
2277
4760
5937
944
7504
946
947
948
949
3120
7956
2191
6395
3338
4885
956
5538
2798
5134
9690
7836
9765
963
2614
5654
9051
967
968
9462
970
971
8048
6575
3631
975
626
9917
1618
5383
2685
1505
1364
6050
4972
985
6443
595
4768
918
8850
991
3854
5518
994
7160
2760
7307
702
6698
4687
6662
8194
6086
5440
2597
8824
9073
5557
7850
5451
9507
809
1985
9231
3564
6718
1773
1079
2898
3074
2049
9044
5672
6031
6321
1026
8393
8488
2288
6385
9611
4869
6673
6640
2952
3960
8564
6119
8545
8563
8945
62
669
1044
6325
4749
1047
9282
9289
1050
3113
5124
416
6533
2650
8717
5489
1988
4375
4552
1061
2296
6995
1169
1876
6567
1058
1068
7637
132
7204
1072
7335
3726
8553
5046
7944
9763
4465
4801
5081
6467
914
2498
5781
981
1087
164
2183
8467
2961
8548
3899
4568
1095
5487
2189
3340
1099
3548
952
6846
1925
5964
114
9224
3975
7983
7543
7777
1111
1112
8054
1114
1115
1214
6720
6267
1480
5498
3022
2980
9470
4385
2320
1445
1127
8429
7847
6349
5915
1132
6124
8799
8170
919
2655
4487
2017
5345
3514
9087
6931
9999
4462
9719
1147
3325
1149
7595
2374
3549
5621
1154
10
1023
8093
3485
1907
1160
5683
1162
3225
7805
8132
227
1167
2397
2926
8168
7722
4741
1315
1174
7573
6952
5750
5108
8156
7842
7324
1713
7346
774
9316
4214
1263
2815
9587
1190
8419
9510
7446
1539
1195
1196
1197
8653
7116
1222
5101
1202
1203
370
9702
8477
1207
9714
2649
2853
6057
1212
4248
2646
800
8626
1856
4812
1219
1483
3517
3921
4611
3035
5239
1888
2453
950
2008
9484
9412
7818
7076
8825
3021
3359
4468
5688
6621
9368
547
2856
708
504
644
6010
6186
3145
1249
4000
7834
3515
1073
0
2179
8110
778
8639
9074
8523
1261
2124
7305
6842
1265
675
4992
9482
2842
7975
4503
157
520
5569
1275
1128
5695
7494
4728
9816
882
9075
1037
6465
6780
7299
9908
1288
8909
9058
6752
8888
9129
1294
1415
2053
6175
733
1299
3994
6473
9894
1303
1304
8878
8407
5809
7831
7989
5655
5322
6092
9525
1224
1644
1103
5464
1733
2034
6386
3799
656
5967
9974
3494
6279
824
6431
8015
2341
7771
799
6152
9649
1785
5703
1337
8010
5945
2428
6513
7103
8576
3927
9166
3399
4339
6374
9526
5192
679
9130
2145
9805
7873
8555
8522
7163
7640
9517
1361
9739
1363
4961
5421
7380
1367
5872
4176
6651
1090
9417
5232
3727
1676
9731
5139
2638
2207
5375
8631
8720
6338
7478
2491
827
5287
4763
4177
1926
4861
4319
4053
1394
2959
5959
685
3306
6577
1632
1664
6566
6697
4877
1405
5163
2609
7437
9657
1531
6734
2931
4251
2726
5938
9230
4946
9444
7585
649
16
3821
3284
3097
2531
5253
8771
1849
3952
3392
1431
1432
9327
7590
7432
4701
6470
6052
3753
1440
4035
6218
5706
1444
226
9320
2668
1448
4105
9255
9682
4735
8145
548
9934
3606
1457
754
5741
2219
1123
1462
4118
9128
9722
2795
9369
1468
8694
1470
60
1472
6854
1958
4669
8401
8856
8255
1946
5973
1481
1482
2185
7679
606
1486
2330
6863
9195
4004
7268
3203
1843
6625
1495
7266
3451
9546
4740
1458
4127
4197
5523
6590
3834
2162
3653
2005
1763
1510
3125
2247
1513
8506
6239
1516
7557
7374
7187
1520
4986
1774
1523
1524
3443
7327
3989
2001
2965
7673
8725
2855
3079
1534
7808
3662
7130
4286
7490
1693
4604
3353
8299
843
8785
7092
1547
7838
3379
1550
3656
5389
4196
2211
5425
7135
4594
4419
1559
6938
1561
385
1563
1564
792
5057
6081
6580
1569
5234
9045
6248
1573
1574
1714
8259
497
4401
6837
1533
2538
1176
1031
5012
9031
8930
5962
6429
762
9046
1591
6015
32
7974
1595
3711
358
1598
3997
4171
5343
1602
1603
1604
4453
147
1286
7495
2580
8489
2979
3191
2793
2789
3825
7708
1936
1426
9924
1587
7174
4303
7354
1624
1959
6362
8379
1496
3838
9336
321
2796
4373
1634
2245
9533
354
8939
1493
2537
1641
7890
1643
7480
387
3635
3269
1593
4159
4876
1651
3121
7213
6674
1655
3747
1657
1528
2742
6598
5353
8164
446
6139
3889
936
3707
8758
272
15
9759
2522
6733
604
4239
4798
8301
3974
9326
3980
6059
1682
6317
1684
4747
8981
5351
1688
6217
4602
1691
9931
2349
1740
1695
8415
5597
9891
6851
9995
8370
8448
2169
8261
1705
3105
5166
8277
154
3710
8111
1712
1182
1461
1354
1374
1717
7650
2278
9971
5845
1722
6576
236
5026
1726
9604
8977
6105
6471
1731
5331
7179
9023
4025
9951
6258
9697
8178
2577
9822
7501
1743
2674
8883
5953
1324
814
6308
9169
922
7913
9057
118
1755
8451
3686
9896
6482
1760
1761
3628
3415
1107
6880
3839
6020
1768
7093
1770
1771
9435
9665
305
1775
4284
5640
8469
7575
2477
4221
3930
940
4477
4422
5500
6214
911
9651
1790
8312
3961
7513
511
4576
8709
2295
3920
6437
1218
5225
1895
4343
2016
1805
7336
2983
9643
9223
1184
7075
3639
932
6693
6488
9176
7602
9790
7774
9929
9036
5384
3102
8398
5113
3118
7809
6367
7839
6565
6231
1832
2500
628
4050
232
1654
6648
2641
5573
1589
801
3611
3894
6457
1330
905
8660
7856
4125
1346
7547
8704
2910
3535
5410
567
1858
6198
8002
4389
6740
1863
4075
622
7958
1492
2149
6380
1870
7789
512
8029
5818
5235
6796
9475
5004
4889
7821
5903
4549
6742
7545
2827
1886
1054
1680
6166
1155
4738
3381
1293
2203
9005
4266
6508
3911
1289
8347
300
6095
5911
1557
1542
4299
9339
5162
6732
7741
9441
1912
5468
9140
9405
1916
1861
6178
5509
1980
1098
8792
9403
4765
4223
586
9766
2741
1272
5102
525
4099
2267
9498
475
5197
9832
6089
3290
3495
768
9581
9152
4337
5469
1787
7186
5327
9552
8267
842
5369
5952
3634
3343
1956
5681
3038
6356
37
2085
3941
1963
1333
5574
6531
1488
666
9841
7999
4775
8595
7694
5517
229
7450
3862
6760
3734
2750
9197
1982
9228
1622
69
1986
2558
9803
705
3817
8885
8614
53
8300
8543
2956
2484
6759
8886
8891
3077
8975
4492
1812
3837
8131
2007
4975
2009
9485
1945
2654
8837
3148
6145
8484
4538
6183
6777
2020
1597
4481
79
5043
3647
752
249
3860
4682
2030
4896
4261
6807
758
2802
8257
6953
3847
4874
7510
9760
7698
362
142
3626
9537
6324
3879
6461
987
7162
5995
7920
7440
2055
2935
2057
2058
7951
7782
4908
645
7104
2064
4372
5417
4289
2068
2293
8797
2071
2192
9957
4084
5335
5388
2563
9136
2725
1066
3
4362
1905
5601
3138
9123
9463
373
2089
2090
7418
5471
4149
4155
4694
3465
3830
8077
2083
8989
7799
4348
662
7699
2718
4603
312
2108
2469
5516
9254
501
743
6441
7317
7655
2619
2059
4825
1748
7925
8122
2123
9399
2125
4466
308
9068
7982
4219
2550
2571
4882
6680
2824
5529
2137
8106
5798
9660
4816
379
3210
7400
6701
6971
4921
4038
4777
4146
2151
1198
2930
8357
2353
2156
886
7210
2592
4336
2161
6735
9548
6897
1545
5694
3285
8827
8831
6163
6623
1995
4901
5135
8719
3520
4907
9437
2695
4225
7755
1810
3874
2258
3320
7622
8898
2188
5460
5802
1101
3768
5627
4227
770
2822
1845
3112
2199
1048
3502
3391
2756
4018
2205
1874
6497
7222
2209
6700
4577
183
539
594
2215
6551
5170
2880
5873
9583
2430
1878
6845
2662
5778
620
4390
7290
2010
7124
4183
4283
3289
8462
6024
9642
1009
9749
7719
1022
6331
5920
7279
534
7792
2448
8933
3510
4190
1901
6096
4713
2369
9933
483
3735
430
6628
3547
4455
8062
2696
2387
2871
2265
1469
777
9654
7250
141
8734
2272
4633
2274
3272
6265
941
1631
8913
1503
2281
7765
1686
2284
3193
9204
2287
149
1875
2936
2940
3064
3132
369
2194
4913
3150
4117
304
2067
3012
6144
3608
2826
8570
9174
8952
4028
9597
5725
9860
3213
6464
3999
2315
2316
7447
2984
4096
8162
2779
1599
1465
9029
2588
2326
8499
9916
7041
1629
6009
2783
2333
2768
491
3663
6813
7461
3086
5278
4409
2728
8860
2344
5530
9810
2222
7155
5890
4051
6126
5328
5062
972
8466
2437
2602
2576
6227
2459
2361
6256
2363
4707
8800
2366
2111
2368
2195
4677
1586
9094
8794
9400
1789
5670
5594
3934
1709
9367
3720
1343
5821
9955
1381
1846
7566
2253
3344
8185
2391
1927
1124
462
6387
8711
4010
5120
1036
340
2401
8109
5906
4472
9910
1460
4458
2408
2276
2410
2399
2412
580
7746
9501
3369
395
7907
2419
3089
688
1151
6963
6114
2425
2426
2944
5849
983
7830
5932
8839
5319
4797
3739
2436
9053
2061
3473
9532
9779
2148
4845
1540
4324
9784
7237
959
8611
8003
8756
9886
7656
8001
4938
4145
5524
7857
8759
2460
672
1981
5317
5930
7349
6933
5824
351
4165
3898
2012
7353
9605
2474
9568
8624
6446
5502
5006
3143
2481
8476
6432
6822
2485
2998
2651
5360
3026
2490
3400
9681
7081
813
1616
2639
2497
1208
8252
4031
2501
244
2503
5229
7917
7775
2507
2508
8738
2633
6976
1038
6824
3777
2515
1619
6594
2518
6058
2520
5405
2297
2749
9388
2251
2526
2527
7168
7874
6469
9556
3243
4349
2534
8627
2236
3036
1325
9633
113
4213
3445
3755
4678
7514
5760
7894
2557
8137
9212
2551
2613
2553
9338
2555
8504
2548
4501
2559
7243
9378
6335
2549
7062
8135
713
7147
6808
583
259
6398
8635
2882
3665
3171
5757
103
4919
6724
1568
8520
66
3264
2584
6090
4026
4515
4366
1251
2590
5085
2547
5058
1987
2595
2262
1043
9624
5865
6521
7906
8636
6306
7618
3640
2800
6857
643
5720
2610
2611
7736
3560
1416
2615
488
8890
6688
6872
4991
9275
83
9137
9019
9042
2626
105
5094
3270
7927
700
3865
870
3469
4698
6726
1340
7996
9874
2640
7006
2536
2636
5483
13
3868
4059
2648
4745
7206
615
7474
3389
9878
7739
7239
2042
2658
6407
184
1199
8217
9542
5626
4925
8149
1164
8130
2229
3819
3311
5107
4015
8339
3412
2676
8541
4282
2679
5476
8733
9385
2683
6996
6150
5325
8160
1606
6511
9418
4619
6269
2693
5596
6316
9825
7632
3622
7992
744
788
4484
776
5851
1716
4243
2157
5603
7231
6540
4452
3286
2713
6123
671
9474
6393
478
8121
6158
493
1266
4637
4277
4856
6237
6147
2342
3797
1699
7045
847
1735
9012
7900
2264
5099
9464
8746
7528
8460
1659
9792
9101
106
5187
6730
5536
9976
6528
2334
5719
1977
8133
2755
2127
8963
9133
9318
161
610
2762
2304
4543
3017
2684
2767
3327
6073
2487
4310
9523
4133
9571
8918
4405
6679
6743
9225
2780
6805
3033
2591
2784
2785
2786
2748
1297
2733
8167
4620
5467
4497
6605
998
2752
3223
2015
4652
1953
4691
9026
2803
673
7367
6247
9389
207
4773
8241
2811
394
1948
2080
6112
6352
8389
7067
4423
4767
3607
7267
2823
347
6233
976
9298
2828
199
9771
2831
8786
3553
6148
2835
2836
4965
8754
3559
9072
9284
3912
5292
2844
7813
3061
1943
1141
3154
4140
3861
2852
1210
2380
9324
5808
190
5979
2859
9185
7145
1501
1233
9285
9370
2710
2867
468
7538
3692
3016
2872
2873
9483
1535
9905
549
1883
5933
6681
4380
2861
2486
7686
4784
2843
7224
5362
3669
2392
2891
6262
8740
986
6939
2896
9594
5588
5205
5997
9346
2902
2903
4087
4100
5726
6131
8112
5016
3063
6067
1509
1989
9519
5184
1979
5222
5014
1166
3167
5251
2184
2923
2381
9997
4914
2927
1665
4131
5480
5541
7533
4826
7097
854
1857
298
129
1806
7675
3937
7048
4253
4479
2945
2946
2758
2948
3949
2950
309
1192
4424
8712
2955
6541
5424
3512
1395
9093
1551
4135
246
7896
97
3624
2967
413
2969
1357
8139
9666
8309
2974
4527
3402
2977
4153
8430
9570
73
6507
7692
2701
7858
8697
7154
4927
2989
2990
2223
4504
8385
239
1352
8519
5765
990
557
3000
4116
1025
6421
9309
5939
3808
695
4298
2603
4849
7849
3598
3013
5002
4342
5181
9959
3018
4236
2556
5634
8769
2092
3024
3025
3577
185
7015
9091
3030
7009
2434
1005
6005
624
6799
5186
2087
1711
7085
5615
4079
3043
3076
8908
3046
3047
3048
3909
4403
2637
9312
8822
276
317
3876
4271
3462
3059
797
2781
3062
7482
2292
9271
3066
4220
1002
4832
8628
1138
1418
5024
5368
2102
5609
923
760
4353
2888
8971
9788
5886
7981
3582
5150
7136
8041
2605
9723
4433
3092
9280
2390
1764
7659
7984
3098
9218
7695
7493
912
3103
8887
4415
9229
9396
24
2754
6435
3724
3265
5855
7436
269
3060
7742
6254
91
5656
6219
3122
9393
6315
8680
3126
4287
346
3892
3130
5007
1117
3133
7102
5788
9000
8184
3364
8387
3487
3141
4979
978
2606
8600
7780
1146
2917
9828
4835
1152
2496
3421
2849
5111
820
4523
3158
7564
7711
3161
4094
1040
6635
4346
3632
1640
3168
8033
5722
6940
3172
5179
7995
3363
40
4048
3440
4954
1614
390
3599
9077
4674
3185
5577
5948
8399
5685
1560
2107
9693
5479
4043
3165
4400
2060
514
7090
3247
7024
3202
7629
7554
9755
3206
8625
6988
5853
3780
3211
5539
2312
8352
6903
7055
3336
9639
4386
2128
8366
7058
7676
1027
47
1137
3205
3228
8852
3045
3682
1915
4268
3234
3275
8025
7658
5625
7689
3240
2301
9453
5077
5867
873
8865
3200
1899
3719
4843
3317
4023
5800
7369
3255
3568
7425
9895
8390
4685
4807
8350
4573
8221
3593
5447
8539
8550
1538
8165
8714
1298
3529
3274
6993
2289
3277
5970
8674
1377
5993
8876
3283
8899
4361
3331
641
2118
6783
3810
4951
1069
5284
8386
3295
8532
150
3300
194
4449
9416
8732
8835
238
9915
2643
1239
4635
7057
6682
4457
4831
2540
9577
5245
7377
1452
6915
5861
8280
8529
1579
1242
8176
2350
909
832
4258
6298
3330
828
8829
6294
8638
7329
8836
3337
8056
8436
7499
6295
3342
1955
6084
4046
691
2911
4062
6578
3350
7520
7304
4718
7965
8974
4643
5398
5519
2833
3360
9214
3362
7633
7396
4187
2812
2971
1580
9753
3370
4597
635
9619
401
2876
3156
969
4209
5751
1957
747
273
5806
562
3385
9873
3387
3388
8842
5814
4194
8420
3028
831
3395
6784
9799
2586
1949
9404
4932
2976
570
6273
7727
5485
4858
1034
9922
134
8395
2675
3413
7487
8030
3416
6004
1378
8805
4074
3232
3422
3423
7967
3425
3426
1821
3428
3429
7703
5171
3432
9191
3434
8582
7278
3437
3438
3398
6707
8993
9671
5820
9815
1937
3446
3935
8572
3233
3450
1497
523
224
2799
8264
7021
5021
4114
9930
5709
5743
6888
6568
3464
270
8286
189
1443
48
5097
2348
3472
8864
4968
4606
3476
8364
3478
3479
3480
4654
6146
2737
2352
1679
1157
8368
6413
5458
5690
7121
3492
1059
4981
3704
3189
3497
8216
7852
938
3729
3570
2385
2443
9103
3506
3867
1406
51
5513
3511
9465
6225
1681
2119
1828
5730
1947
4156
1762
6055
5669
2672
9038
1685
7550
1662
3528
4963
1611
1231
3638
3533
4077
6348
3536
3537
7511
6554
5404
3541
6790
5666
5542
3209
6721
6537
8944
5434
3550
4999
4776
2273
2792
5789
3556
3449
3558
8336
2552
3561
3562
2525
4672
3565
3566
3567
3377
3569
1148
3571
9794
5782
4727
706
9381
2364
3578
7492
3580
7119
7122
9469
7531
7855
1910
7169
3588
5019
6271
7568
4404
7747
6800
7586
3596
3597
3302
9628
9124
8304
6193
1168
3604
3605
5367
1390
3970
5775
3610
710
1411
6587
3614
9829
819
6222
3380
871
9379
1674
4502
9016
5049
690
1792
6019
1697
9528
9503
6016
6809
7469
7616
1556
3140
4571
3111
5759
961
4680
2048
8201
3644
8896
3214
2257
1161
3649
3870
6018
3652
5285
5430
2078
8089
869
2096
1944
5848
5590
432
5445
6182
5972
2077
5478
1635
3001
1253
7296
8954
3673
7460
7939
3676
8867
5149
4681
3680
3257
1427
3683
7225
7518
6390
9707
9261
3689
5127
410
1264
3408
3723
6912
9352
6195
2232
3699
3700
9193
3702
9086
3470
3815
683
5110
7880
205
1230
5096
1471
3713
7664
9159
1511
3717
6463
3249
4021
5180
3824
852
5878
785
4862
4254
5155
9661
7314
4252
8088
3424
2142
4664
8591
8439
7635
9791
7323
7172
6889
3743
7845
9183
3050
5537
3748
3749
5989
3925
9625
447
1891
6107
3756
5525
3758
2532
6372
2152
8929
5093
7580
2848
3766
8650
8818
3769
4493
6297
9342
7138
3774
2960
9942
8880
541
9478
4960
900
3782
6353
1235
3785
3136
6516
2743
5966
3790
8348
2467
6117
7356
2644
6890
5882
3798
5457
8629
4645
3040
3855
5320
597
2224
3305
2282
3316
3254
741
3812
3945
2635
1285
3816
5255
9607
1751
8032
1351
2865
3401
477
3433
4210
2890
6113
5825
6543
7157
6584
1826
1311
3835
6841
7181
775
7106
3840
3841
3625
3843
5631
3845
3373
9001
1918
6430
2981
8568
419
3853
1083
5072
1767
2069
8749
9014
5676
2379
5877
9851
8901
7012
7126
5547
7647
3869
7717
6278
5455
7424
2318
3940
2604
3877
9009
6835
3880
3881
6118
3883
4667
8567
9147
735
9879
3153
9248
5643
865
2506
8922
2805
3242
3897
590
6913
4804
6205
3073
9705
1259
6454
1784
8212
3431
6855
2599
8487
2076
3298
9728
9243
6440
2858
44
8512
4657
5795
588
6786
3924
8289
3374
9670
3928
9982
5463
9635
4761
3781
1968
7473
3936
9500
9844
1809
1817
5544
5075
386
2454
8677
4791
5611
3948
5129
7758
116
9445
3773
7713
5033
4186
8770
3958
3959
9861
6033
7828
3963
5506
7806
7230
3967
9112
1514
2303
1180
5154
9082
8616
177
6524
6981
6078
7685
658
1439
6579
3983
8849
3985
962
4647
3988
5332
4595
2424
9553
6330
7846
6550
3996
8640
1397
7321
1250
4941
4002
9762
4724
9030
1213
4007
942
4009
6043
4011
8900
7108
4014
6337
4600
7328
2204
555
7348
7385
9262
1473
7663
4304
3903
8875
4756
6343
9699
8695
8166
4033
3196
5913
5783
406
2797
4039
3481
4041
6817
9811
9692
5397
4489
4047
8964
4049
4614
4259
4052
5226
201
4055
4208
4057
82
650
8983
155
9083
5441
6942
4065
4180
7463
8696
6268
4070
1669
2370
5575
2791
8134
9914
5036
2920
4142
2499
3660
4082
4083
5433
4085
924
4842
4088
8244
1134
5507
9343
4093
6893
6610
1782
857
4098
1932
1903
6523
1106
3160
893
934
5244
237
4108
7987
3199
4111
1703
5856
6861
4806
4875
2567
4178
2190
4120
4121
4122
7391
8224
839
9750
328
266
3208
1984
1836
4132
4714
7427
6684
4136
4137
7137
9164
245
7611
1278
1096
4144
7257
5752
7833
4148
7189
4150
4151
8737
3594
4154
902
6558
9277
4158
8308
7388
2455
1384
2458
1282
9684
4166
1366
1193
3978
2994
1076
5905
2821
4650
836
6744
262
7245
6194
5196
2524
7429
7039
7779
7522
8461
527
4848
9966
2249
9431
6085
4193
1673
4195
1553
2489
4198
516
4200
4201
8718
1994
3032
4205
8383
5015
5482
7337
9884
4211
4426
376
1526
193
1011
1070
6332
1922
6475
9206
295
2598
4224
7577
4226
9720
3526
2032
640
7061
9245
5377
4234
6034
8316
2928
197
6281
1412
6221
4242
7942
4586
4245
3029
7347
2482
8319
4250
3552
2530
2220
7770
4255
6649
1400
4474
6035
6180
5182
6712
6489
826
4794
293
6184
3371
3182
7133
1039
4301
1750
2663
7540
5842
9867
811
4279
4280
7312
1868
6663
1060
4199
8915
877
4288
7166
1844
1438
2884
2112
4660
7467
8838
7101
4871
4974
5801
907
9814
9456
3659
9958
6134
6122
4308
5674
7082
2512
5744
4313
296
6286
5126
8175
1227
6754
7184
4321
1421
6934
7548
4325
5224
2309
4328
2093
6171
3152
4356
1420
3733
4335
8492
8969
4338
8326
4340
8774
4185
1803
7439
6656
5923
6329
6602
2947
3695
4351
6502
4397
5438
3023
4332
7872
3655
6619
4360
6926
8593
7053
4364
722
6303
8773
1838
2804
4370
1228
5833
8730
7148
880
2100
680
9769
4379
9818
7710
9139
8353
8702
5949
3403
5543
7760
3037
8843
6891
7930
4027
4394
8675
5780
7098
7814
441
8440
8471
8317
5308
2544
9157
7218
7875
4408
311
4880
3585
2730
2415
9650
9409
6155
8179
9429
5431
3358
6318
1521
6160
4983
536
448
5620
9283
7539
9747
4431
443
6416
8970
1537
8127
5658
4868
8845
384
4441
3586
5657
4444
7125
4446
4447
9240
3737
6438
4451
5568
943
5617
7384
3256
1436
8372
4459
6111
6984
5200
1336
4464
6391
6415
9425
2624
4469
1350
2705
2404
2377
3328
4475
451
8500
6983
1118
4676
7625
5270
4483
5553
6764
4486
6671
7497
1021
8877
4491
2883
3770
4612
336
6753
301
1919
216
8182
7241
4170
7151
2270
7486
287
5996
9764
8744
563
2461
3831
4513
4872
2587
7707
4625
1317
1718
4520
9180
8228
5942
1935
5189
6778
289
6641
4529
7786
6077
9200
4533
7414
3418
4536
2625
3795
910
935
6128
6898
3972
4544
8296
8099
9718
6426
3712
435
3886
6040
653
6536
5394
2982
7892
3603
3592
4560
4955
4562
7258
8456
8607
9985
9321
4217
6900
9864
8608
7254
8868
3771
6453
5535
9970
1967
6424
4580
3654
5731
6226
4584
1795
4244
2479
1869
265
9395
7226
4592
2618
8745
9472
4782
2916
5540
8935
5473
4601
1517
6304
4917
4406
7826
4607
9017
4609
191
2212
7393
6127
2753
4615
4616
7619
3679
487
7652
1200
9987
3080
9499
4610
6270
7002
7086
6633
3904
2809
8226
9824
63
5786
3742
1738
78
8601
505
8654
9726
561
3394
2158
7165
3084
3110
1309
8108
1801
8247
4653
5470
3800
4656
1051
2572
4659
5843
6941
4590
4559
3697
433
739
5087
7310
2054
4670
4671
9882
1171
6211
9853
6120
2036
4123
4679
9048
7047
8724
4683
1226
3054
5841
4476
4688
4689
9008
5598
2810
84
9132
9706
8667
4697
2394
4699
3396
2029
3099
4599
5306
71
6170
4425
3765
4709
7016
4711
5233
2252
9518
2373
9631
4717
613
4719
7888
7787
6709
8767
315
7887
4237
9294
8612
4729
2464
5558
5718
7003
2794
5837
630
3056
4418
5249
2519
1172
4742
4743
876
8729
755
3292
1459
1046
4750
5551
2095
7484
4754
9598
8258
4757
8349
368
6998
8055
7587
5243
789
4291
664
7572
43
481
4770
1683
6434
7844
5835
5639
8365
2912
4778
8701
2246
6339
9466
452
8604
341
2235
4005
4851
5333
4790
3946
6305
8101
8633
4795
1576
6553
399
3466
9104
3406
7216
4803
3900
4430
9953
4238
1258
745
3602
9547
8227
7152
8126
3119
1997
1129
174
4819
1723
1677
4822
4823
112
5742
2975
9782
171
4884
2978
3827
3411
6999
1331
4181
6156
7865
57
4456
2893
933
7229
5090
3188
2259
2816
7318
2699
5312
848
2327
1159
14
8940
3775
518
5504
9865
849
9978
1391
5109
3169
6133
3227
1734
2325
9059
3251
6168
264
4748
1794
6433
7175
1650
4175
5994
4879
7569
4881
1719
4883
2070
955
4886
4315
2088
1281
3666
3740
8275
4893
4894
866
2031
7725
2062
1310
8889
3615
4902
8671
314
1577
3281
1647
2400
5302
424
1914
2256
7149
5533
5946
4916
3848
1417
5747
4374
8894
2299
6017
1153
6666
4496
7036
4206
4929
3633
4931
2645
9773
2987
4935
338
4572
3658
463
4940
143
8552
166
7451
1549
3262
2480
5645
19
4290
7120
9330
4953
8585
627
6677
906
7203
4959
4844
7781
274
9273
6714
3651
4045
377
7912
4969
2206
4262
966
3722
5266
8144
4976
5324
2667
3142
1121
5209
5
5133
3703
6847
686
6341
4396
6319
6360
6371
2925
4993
7438
179
4996
318
6257
2193
7079
7737
3014
8872
5965
2868
4712
8445
9071
5009
5010
9366
7171
5013
3146
7065
7293
5017
5545
1961
5020
6213
5022
5729
9812
7375
6810
8263
3950
8302
8594
361
4987
1369
663
5035
616
5037
5038
5039
2691
1636
711
8998
5044
6830
5554
5659
3906
5148
3929
506
5052
9495
5054
6420
4073
17
457
5059
5987
2098
3448
3250
8314
9940
879
787
5068
5069
7868
5071
3229
997
4626
3501
2913
4508
1721
9652
4787
1653
4769
1319
4450
3524
8803
4267
5088
1451
1512
815
1257
3176
9634
9522
5667
6964
502
3483
3467
5354
1260
5852
7682
5105
3486
3051
2516
6788
5922
2731
2230
1825
5299
3055
5116
1188
5118
4534
2398
5121
5122
7401
6365
5826
6252
5146
9868
7645
5130
5131
5132
7535
1840
5065
5887
5137
3349
6977
2819
2736
5871
9618
6657
2323
9673
8392
5836
3268
3672
715
5152
3376
7287
6992
3124
5157
4720
5159
1873
5161
5092
8323
4708
5165
4686
9167
5914
2751
3489
4565
6375
6408
6412
7588
9434
5177
7537
4072
3721
7571
7471
7584
9300
7594
6293
697
397
4553
5190
8273
6865
5642
9668
7646
2065
5095
2260
6130
3939
7651
5202
8926
5204
2250
3260
5207
5208
8125
5210
5211
5212
9903
581
5215
5216
1189
5218
422
6436
5382
4566
186
9950
1757
6347
3620
7118
9538
6014
5231
3545
6328
1570
4184
75
4080
4215
6483
639
1133
7488
2144
4095
2992
2622
2439
4813
1866
6099
9863
5252
9189
1978
8575
3100
2528
1313
3452
1326
6877
5262
5263
7793
8204
9236
5902
8632
5450
8672
8050
1273
9391
281
4838
5276
5869
2340
5279
1749
6547
6879
5169
3293
812
8524
2405
5552
8618
1392
684
2807
7209
3844
2427
7408
6136
9980
5342
5300
2432
2817
1216
6642
1975
4704
5307
565
878
5310
6727
7918
1889
2456
8949
7891
8613
1339
30
9655
7219
3792
3518
767
3954
3957
8976
2517
469
5330
5138
7922
4617
6659
2075
7889
5337
3744
6519
9423
3579
5219
1332
7648
6818
7445
855
1360
6313
6560
721
5344
6070
5999
8605
5356
8569
268
1530
3218
9116
3623
8609
2583
6358
5366
5960
9936
7131
589
5371
5372
5373
5374
1780
8931
7748
9287
4448
2988
1970
2494
4034
65
4485
5386
138
6838
979
8760
5823
5392
4345
4555
5943
8646
6571
689
9413
3907
5401
5402
1544
8118
8505
7728
5477
5408
8354
4241
9626
8036
4936
5414
3318
5475
2066
8193
5185
5420
4445
4369
9427
6828
2863
5426
2505
320
5429
3955
2228
7804
7173
4897
8066
5436
3355
4354
6546
7188
3895
6063
4152
2044
4870
9178
253
1872
3757
4086
9190
8942
7251
7205
5428
602
3901
6242
3065
4651
5151
6856
7643
7681
5465
7783
8828
8761
9347
9964
3090
7693
5595
6196
6544
8780
6296
4306
2878
6534
5481
7475
8338
9520
3932
4799
4143
3484
9887
4102
7302
9340
6652
5494
2509
5496
5497
8096
7909
3253
5501
8960
5503
3938
1834
7641
5724
9990
9360
5510
5511
5512
5145
5514
984
5776
9713
8307
7551
4915
9574
2877
6706
8306
4939
5526
8590
9328
2136
5859
1848
5532
1971
7933
4700
2787
5223
7091
3776
3052
1335
8495
6048
8928
1477
2445
9889
1088
8435
3149
6901
5924
6789
9401
5050
5556
9335
9392
6491
4427
425
3069
5563
9241
8421
5968
7657
1328
8497
660
5571
1661
323
8783
3217
2269
1373
248
1122
6379
1983
1248
7861
5584
5273
6968
1074
360
1001
8235
4726
5592
9627
4473
904
9184
8057
9608
2698
9802
8784
5602
4036
1108
5296
2607
8726
5608
4008
5610
8287
3919
5613
977
8561
9479
4454
3971
2968
2021
350
5183
913
3764
9509
6728
2354
5628
1672
5579
1879
4587
7690
4805
5635
8249
5637
4537
1237
6538
5641
5647
3356
8956
1194
5247
867
1300
6462
2004
5206
76
4103
1296
8039
8862
3271
8240
9897
5660
553
6486
7177
6705
5665
7561
5086
9696
8478
4621
5671
9106
5909
2892
6645
6650
5892
4846
3215
8816
484
822
1490
1268
9290
5686
3618
3813
4863
1000
5630
1964
5693
5034
5297
7398
4808
798
1885
3266
3956
7516
2895
396
7410
6495
8358
5708
3460
9306
1004
696
9256
6860
2056
8502
2433
6410
7718
9493
9996
6723
5723
6490
3094
2906
5727
6417
6038
9384
2002
3184
1433
5734
4867
5736
235
2582
5739
1491
1642
8658
3461
5282
4229
2140
2578
5748
9909
9614
5680
6749
2375
2541
7949
5158
1422
1215
2346
2546
2745
8038
7815
4436
8232
8796
9898
4588
5042
2441
5600
5793
5773
8833
8925
2777
6206
5515
8268
5684
2740
6814
1365
931
5785
6500
9724
3157
4605
4076
8854
4693
8482
6047
9095
6947
7117
6811
6041
3135
1839
4891
4809
960
5805
5106
8821
5164
2040
3276
8444
5812
4264
3390
2847
1100
5817
6592
2986
9704
6552
6699
2345
4365
3829
3509
2372
7271
6921
2573
4817
7434
9411
5834
9709
7320
4583
1715
8094
7087
1890
120
5147
3282
1376
3616
6312
6985
1006
8047
5770
3397
7527
3134
3684
5104
9027
7608
8113
3678
3864
8649
5863
2702
9056
3170
1855
2202
8610
2307
322
6153
6357
6187
4854
6046
802
3354
5879
6344
5881
123
4037
6620
1565
5691
7634
5334
7049
2285
5891
2337
7979
4069
8331
3991
670
5898
2254
5900
180
2716
6021
7489
3857
6191
5201
4684
2383
5910
2661
8464
8356
4864
4432
5916
7893
4668
8657
3128
5921
7801
5269
6199
7617
5926
5927
489
5929
2026
5931
6839
2389
903
5935
2997
2995
3430
9683
8874
7176
1091
127
2393
110
449
6355
6919
392
3745
5951
8844
647
5954
5955
5956
5957
939
859
2022
9040
2829
3818
6082
9960
3789
3057
1974
5969
7303
7763
4129
7609
5974
5488
5976
9374
7653
1016
7671
9840
8637
8256
1908
3987
5986
2275
5653
5560
3750
5991
4384
9800
6779
6493
9121
2046
4540
339
4810
4281
2006
7416
9789
5918
2074
2747
4994
7285
8902
4695
4110
3031
3454
3239
7
720
9584
3893
9358
4270
2707
3882
8027
7028
2657
3313
4407
8980
6403
4333
8318
5061
5623
6383
9428
5271
9115
1323
9457
636
3164
7096
7412
2719
159
2996
8437
8214
498
8475
9569
1656
6401
8655
9744
2712
6514
9010
2113
1741
3863
4591
3195
9156
4762
9988
1165
8661
810
9761
2942
1329
5796
8457
5811
2495
6617
5260
7291
3361
6906
8668
2575
1546
9994
7344
4071
9846
2159
102
2317
1687
6405
8142
8023
8666
5899
1881
8087
7642
4064
4192
8832
6852
872
6176
499
7720
64
4391
7593
9028
7667
3668
9458
9440
9207
5047
2165
7156
8198
8083
8343
5950
1019
8682
8559
1205
4296
3763
5256
5423
7610
8579
2709
748
8053
6322
8
5000
8468
2963
9065
2521
1131
5237
8937
7817
559
1063
3198
6599
1802
6334
2351
8058
6848
8269
146
7961
3352
2298
7068
7256
4710
7422
2122
3803
1110
9066
1399
9386
7508
2966
9491
1494
353
980
3522
2019
8064
9032
2687
1581
3788
1675
8024
9362
9356
6585
781
2237
8750
7776
162
3503
8465
5675
3087
6951
6927
5347
7014
8059
6715
9314
9142
7972
7794
3609
9447
4429
766
1818
1819
3762
4382
8031
9541
8246
8911
6812
6660
9291
1032
2616
8340
3731
4878
1383
2664
888
5261
8686
2186
9454
5829
4649
7620
9866
7591
6072
9912
8279
4662
3224
2343
5029
3806
9079
7456
8213
306
5803
1049
6314
4020
5221
6793
2909
6264
8159
6973
393
7832
5257
982
2985
3826
8321
3296
769
8934
1887
4240
8978
8540
6545
6966
6930
1742
6425
7716
3044
1778
2168
3288
9880
2409
1900
3922
1238
6717
7948
3849
9777
3414
7802
7883
6874
4410
2670
1386
7013
6
916
2714
8013
8795
6763
898
9742
4115
8400
6646
6821
4850
9973
1830
5041
2708
9637
2233
8961
9078
5576
2308
9085
9944
8586
6032
9732
9508
6051
3107
6766
6853
7352
1831
9716
8762
4189
4398
3068
8806
8254
4618
6104
3204
3629
9599
2324
8511
7360
8834
8721
7638
9069
8692
9524
7260
8005
4920
2386
6820
8107
5432
9387
9105
3872
9118
6011
9838
2171
5125
7483
5175
8905
2919
1229
6129
215
467
9687
5715
357
7654
9566
7441
9941
7997
2328
5787
5355
8148
9606
1467
6204
4548
6045
4937
600
6765
4109
218
530
4779
897
3595
6311
3885
6074
9848
8955
8446
4811
4081
1627
8907
4480
8557
7481
6661
2875
1633
1860
1241
9455
2227
6499
5063
2038
4334
9595
4091
5735
1322
2101
2724
5746
5940
7306
6140
5280
6200
5472
9962
6399
2973
3896
7233
4723
8229
8790
9253
7674
9487
12
3201
5070
4579
3832
3539
8283
856
8840
9215
4387
9536
8999
8919
5459
2914
2889
464
1186
5790
1456
4246
8705
6266
8985
5323
1668
1130
1536
5689
7721
9920
8248
8571
8547
8526
9473
8617
4589
7627
9663
6479
7784
4912
7614
93
3754
9062
6102
2838
6974
9234
4634
4275
8755
3010
6323
2051
5444
9002
4106
128
9965
1209
6902
8893
459
6634
2924
1204
3587
4399
2881
8813
2429
9043
8946
2197
7521
6535
9299
1920
9881
6798
3591
5813
9496
4655
8104
3525
9610
6492
2138
1996
864
9767
3794
5977
8802
7795
7962
6929
3627
5437
725
2723
3236
2003
1240
7612
9310
6083
718
3836
9353
2949
1724
8884
3319
9506
2371
7275
1187
2493
1829
9835
7394
2395
2025
9219
6062
558
3127
3114
9856
1933
4622
1880
450
573
862
2182
6185
7402
5888
175
6849
6690
9080
4307
5321
5975
5023
509
2172
5885
6400
6423
1529
692
5461
500
1607
9266
8337
729
9198
9602
881
6683
4167
472
8147
7644
992
352
9843
8882
9647
9813
8863
1028
6756
6787
7662
7316
7978
8412
8996
7099
2126
1382
7691
4341
2266
7895
7816
7988
271
6613
3521
9545
4786
8546
8534
6932
7051
3259
9616
5416
152
7105
1609
7212
2146
1441
2554
4499
9313
894
1739
8743
4910
2163
8206
6794
7901
5755
6459
87
5753
8859
2291
2478
5570
8662
4814
3923
4439
8906
9695
8707
214
9377
8735
9775
6476
761
5738
9187
8895
4231
2081
8485
3995
5339
458
2841
4164
4024
6676
8123
7704
7030
8914
9226
7688
46
3174
8513
9210
8154
8188
7843
5925
795
6480
4182
4381
2854
6665
8207
9674
7282
1402
7060
7134
5650
9407
5772
823
9977
288
4690
7764
1338
2382
7255
1007
9341
2937
1232
8157
8006
9641
1466
9857
5499
7628
1594
2568
7863
5195
2886
9331
9181
736
3367
5484
3667
7199
5172
6922
3873
7576
8426
7879
4107
5082
7937
7223
3933
9442
8652
8009
7088
6474
674
1179
7142
3258
7150
9758
4569
107
8679
4715
6569
1567
5370
1897
8728
6378
8422
6520
4482
3732
7343
7139
7788
277
5673
1359
6561
4524
638
5963
6624
1960
378
1010
6539
283
6223
9875
5188
6694
7541
9560
4702
9672
8847
8855
2991
4943
3884
7365
5862
7969
6272
6448
9090
3976
6460
8588
3477
490
4820
330
8688
7964
6414
2063
4230
412
1704
456
8250
6468
8341
8200
8394
7921
1793
2673
8138
9149
5091
3990
9034
1660
607
9279
9414
9842
9390
2013
4696
1097
2105
292
4163
1318
2694
9235
9196
1045
8060
1455
8072
6945
730
8621
7819
8117
4507
4964
6292
2734
206
9852
8995
2642
9334
5919
8560
6908
7038
7428
5294
6772
8879
56
5985
5117
6687
3231
8197
4692
5779
7932
9237
4119
133
7292
7734
693
2939
571
8046
2431
3383
6369
4300
5213
6990
9107
6289
1851
6948
1450
7301
5258
7420
7578
7677
2170
9685
5387
8124
7509
252
8095
6556
7046
9609
5864
7583
6179
8739
4539
6450
6439
926
98
4092
1217
1588
2338
9984
7247
7908
5971
282
391
7903
3761
2887
7683
3219
3563
661
202
8656
7621
8634
8190
4574
4104
1403
8592
9221
7615
1617
9307
3842
2045
4658
8021
6455
7623
9725
8242
7220
7631
2964
9801
4440
326
8211
1398
8158
1766
9662
7345
167
8342
6363
7505
6731
7183
1475
5214
9250
9967
8703
786
7904
5692
8991
1776
9134
9669
1951
4040
67
2775
4331
2904
9830
7500
7862
7115
9902
6382
6458
9205
7141
6871
6381
9807
4532
1752
885
709
1181
9004
2047
6573
4249
9783
1170
5031
1307
8411
4627
4442
4352
2280
8270
633
1355
6498
6006
8544
2073
9165
7607
7373
9567
9269
9145
5816
6591
8815
945
7020
3543
4829
8402
825
4873
2617
8742
9
6741
6923
5443
2533
3500
5142
9793
6088
7864
6210
8384
8186
4531
7820
4892
5128
4596
9918
8642
5839
2746
6392
5983
4438
779
8498
8408
7280
3459
4042
2628
3409
677
6065
6115
6394
2682
4564
7295
1892
7668
3488
2659
8282
4191
4128
1143
9821
1075
9798
4950
9150
9527
5492
4857
655
2310
8920
6023
7885
6481
9565
6943
3590
2465
528
4292
8026
4416
9246
2314
482
4578
8793
3583
3690
6159
6668
1353
9573
9688
591
1930
8521
6935
6066
1052
5365
9700
9304
4235
4739
1666
974
4764
6028
9645
8210
182
8382
8846
474
7853
3323
3708
9530
7754
8281
3183
3192
8442
3858
2018
4827
6989
6589
6478
7526
7281
4970
5854
6229
2739
6980
687
3809
7042
9449
8596
3965
9211
3321
2196
4494
9480
6230
7684
732
3009
3786
1067
1295
6692
3913
8948
8530
1442
5264
4089
4317
2569
6603
9217
6121
4402
6896
2773
5409
4006
2014
7881
6827
9582
388
5267
8129
1291
8161
6525
7319
8623
8689
4944
4161
6803
1637
1962
6570
6767
9432
958
9514
1056
2452
1071
4001
6173
7556
6885
8987
2681
2832
5378
7837
2874
1271
6137
8332
2117
2510
8092
5982
1555
5080
2208
6833
609
6895
908
7326
7604
5178
6053
1312
2365
6768
5917
4866
5832
5858
5508
1139
1562
5493
6526
9182
158
7246
9171
5311
7796
3442
8266
9260
703
8285
3333
5652
3491
5340
6527
6844
8556
4923
3230
6512
6141
1667
3504
3681
9296
7215
4506
4545
365
1700
5240
302
5792
209
7185
5112
5578
7553
794
8410
569
4541
8052
7613
3621
2255
7935
6775
1080
8967
8363
3273
6477
3104
2210
8409
9303
7392
1720
4257
9438
5045
2729
4575
4948
6517
9900
9820
1689
7840
6506
5883
951
2476
4017
2545
6288
8527
7860
7339
1745
5895
9947
6208
4781
3011
8870
4263
9885
9834
5606
7235
7810
8723
9786
8804
2744
8772
135
7639
1085
7565
8028
596
8602
3116
9557
7977
9535
4774
4378
7355
8715
6911
1109
8589
6574
382
3905
5079
4218
552
4212
7570
5661
560
3175
2086
8067
7032
5884
8951
7361
2834
2897
8690
2471
1484
4753
6274
5348
651
5889
2612
1772
6342
838
3308
6037
1183
7005
6792
109
4793
3738
9563
6172
8328
8177
2885
6209
953
1833
2504
4570
439
665
2043
9188
9293
8414
7952
7870
9983
4646
5799
434
7180
1902
2420
7221
7971
1093
9349
1142
1921
4628
9202
8143
7249
2335
8344
1274
1584
2435
8265
996
1379
9850
3123
6027
88
8136
4359
8425
3078
2422
9981
408
3617
2174
8791
5411
7214
1940
9754
9337
8017
2720
9018
2240
989
2198
3058
1707
6228
5764
8371
5254
5904
7680
7095
6026
7759
7330
8380
8152
4834
5548
1077
6864
7170
4350
9854
7762
6076
7697
9694
1269
1370
2234
6557
5740
9677
8988
4030
1965
1094
4608
9872
9333
1507
5549
5928
2463
2523
8573
7253
6708
7811
3053
2915
6485
9911
2866
5406
3979
6138
9949
2300
2050
3088
3698
2958
8965
1008
3833
2574
4322
6755
9033
6725
9588
297
286
889
8447
6164
5098
7198
3804
1292
23
2727
6351
398
5912
4759
632
6373
4563
476
6300
6925
5679
1348
1489
9738
5777
2302
9554
5011
2922
7738
6190
6586
8583
3304
1116
7272
9024
7976
9252
2492
2440
7452
4157
6189
1223
4420
7476
6487
6695
2449
7530
35
8982
9039
2921
4414
6801
6162
5704
1911
7194
3456
4512
9505
9855
668
7238
5699
9421
3871
1349
4956
9467
2899
2623
4847
428
7597
8153
3002
9544
5114
3505
5562
9081
7026
5103
5315
8359
9893
9613
7298
6581
1727
2488
9233
3151
7444
803
4305
2023
7459
3365
4895
8069
6529
131
9216
1327
2306
6859
612
6596
7768
337
4355
8698
6098
8220
8598
438
9549
1156
4945
4898
3447
8413
9308
9945
1012
2357
7442
6261
7715
3083
6986
9676
6302
5893
7990
2468
6970
6368
8084
6472
2581
7559
804
8075
8509
8417
9644
7070
5491
5866
5582
1225
8528
8517
6241
5064
2652
6202
5326
2864
198
3915
1029
1942
7938
5616
5456
1904
6840
1519
4905
3943
471
4526
1084
6630
3220
6125
9258
6397
9837
7603
6955
5687
899
6713
2830
2647
9622
234
1236
1769
6572
4771
681
6949
427
8082
192
7300
8189
1314
8016
5728
9561
9638
9774
4751
6997
8230
7368
8284
8450
7132
3221
42
7859
2319
1620
6719
9422
242
5908
9238
1089
8691
7431
3197
7549
6873
7100
1552
1728
9100
5346
3235
4022
6377
9899
6444
576
7453
7059
9877
3173
348
3378
8086
3507
1621
7798
8574
6518
522
7283
2770
3106
508
9664
2788
4188
4547
2806
564
9797
4371
9956
6636
9785
8405
356
6748
2079
8736
7730
9586
3420
5984
5073
5193
241
585
6212
4124
5055
5027
6001
4393
54
6965
8140
7449
7274
4297
2106
4478
2329
8916
404
8114
3071
6100
9516
7791
4323
7190
5550
8215
8388
1498
5303
9698
4952
1446
7284
1754
8757
611
7027
7966
7878
2176
8912
6494
2700
2332
2116
1375
1408
9375
4766
8549
8496
1308
2421
210
9064
9119
8428
7592
9703
1756
8076
7379
2653
7669
9845
9047
3751
7502
3006
8551
4276
405
9264
1387
6025
4758
6972
7395
510
6862
4550
7581
1144
6978
6238
4063
9579
8753
4755
6979
9678
2442
2286
6593
7407
4666
6287
2483
5003
4558
59
208
4090
4922
8172
2870
6310
9937
8434
1747
9640
7362
9481
4357
6607
4980
6346
5173
4490
714
8620
6307
3341
3096
7182
8187
2131
5452
7406
8491
1585
5466
1972
6909
9534
2951
9578
5713
9332
9222
1800
6899
9768
257
1815
2763
5156
7596
4673
8778
1816
7824
8403
7430
9859
8597
2759
829
1696
1191
4631
4495
9363
5412
8669
8085
3746
3351
3004
9928
344
8098
8510
58
7869
8501
5847
4232
790
5767
4830
2311
6959
8768
3297
3728
6235
6689
3691
3332
2336
1150
9772
5236
4780
927
9361
6340
8324
3993
7342
3482
1623
9938
2665
313
7211
3384
6388
6825
6802
3584
5100
9232
4097
3718
1923
7465
3523
1145
6245
9160
7970
7297
9194
9796
6672
5721
7411
2103
5419
3072
6675
4029
115
3931
9172
2239
1799
3372
7127
3348
465
6106
285
8830
7924
707
1454
4958
3139
9502
2957
7288
5486
3664
3455
526
6087
9102
5896
1649
8853
1725
4510
2631
383
3572
7113
3144
1882
746
9110
7929
6029
1125
4530
6757
2717
2216
4168
5857
8458
7882
7800
3796
9658
1320
5678
8355
3998
1388
7112
5599
2271
6167
8947
9521
6722
8011
2908
9667
6236
9096
2175
1541
3345
7167
603
9806
8245
6644
4630
9836
5745
1135
9710
9580
1393
9281
2360
1804
9050
2837
7954
86
2218
5668
3441
1119
7063
1246
7071
8957
6563
8276
8814
7357
717
8150
3706
1600
6882
1625
7562
7448
7851
1396
3575
2147
7164
4522
3287
2765
2135
8222
3177
5710
3339
5357
6277
9781
6637
8391
5664
507
163
92
6950
5505
7630
3947
6246
7404
6920
519
6484
6907
7525
7724
8070
7359
7054
6013
772
9740
9111
9426
8587
3194
3436
599
9272
7757
4865
380
3887
8432
6826
1280
5822
8670
426
5618
6044
5711
742
6702
5227
6280
1081
9242
2094
2104
837
8427
3551
7745
366
225
3081
6905
1730
8377
18
5732
3498
9267
3241
3977
9969
9590
3163
8910
1645
8823
72
5934
8376
291
2130
1867
5413
4900
8071
517
5521
7308
3322
9529
5396
3267
6108
1758
4417
5074
8292
9117
1078
7421
1201
4285
2938
5648
327
1434
7980
6326
6008
999
2033
9778
2139
1575
8788
6456
7472
6611
8801
8892
9888
5990
7382
8938
1262
2962
2801
4722
6774
1014
7534
7848
8441
9007
8857
8406
1702
8810
7381
1372
5901
9220
6834
4788
5737
1301
8073
7750
9302
9826
9907
846
7950
3902
4836
6762
1732
3962
4906
5067
4003
6101
2703
6562
9006
6836
7025
8798
8866
9488
2772
5876
2593
6220
5176
7558
7196
7433
5305
2263
2248
8580
8151
5649
372
6647
9596
5712
7941
7769
444
4733
7582
9954
6542
4516
6110
8474
9350
6036
8008
8019
8007
4460
8360
212
8103
25
6069
995
8424
7835
3490
9745
8508
6012
3386
7265
8603
4169
853
6686
1877
8291
9946
4207
8683
1003
8615
211
937
3407
8659
1437
6442
891
7589
6804
1276
9323
9371
1419
2242
9963
364
9612
3007
8932
8418
8297
9113
7735
3279
8431
4363
5633
2201
8881
694
7515
9244
2671
7871
4376
437
7877
5385
421
3216
6501
8684
5797
8068
8004
173
26
2359
851
9727
9952
6068
4998
3137
2514
7050
3085
4833
7957
5338
6384
4752
7546
9572
9239
332
153
9163
3190
5567
584
6404
7661
9364
1430
1302
381
3468
1612
9257
2214
7341
9691
1871
4311
324
965
890
8481
3067
7517
2621
3508
601
6819
7017
6042
4435
4179
5422
3820
7479
1690
9265
1447
1175
4841
1865
267
7455
4204
7069
8766
4101
5089
7146
682
1065
9348
8061
9923
3822
631
8479
108
1305
6548
3212
9991
1015
3725
2620
8396
3951
6876
9329
7766
3741
587
3005
8174
9131
5490
6135
8045
9593
4434
1811
3554
3115
8345
4585
7273
4967
6411
9630
9179
6667
5427
4329
7004
9125
4344
2238
2513
4413
7195
1896
7960
7670
5988
4557
2470
49
6608
2562
9729
111
4661
3516
6203
7263
9656
7936
3042
7409
7886
5716
3159
4488
420
6729
7626
7074
6892
8678
4978
1502
6132
8858
8562
1992
1140
1578
5242
1952
9906
3973
1136
4056
6336
1033
8298
6366
2851
9892
5277
5316
2024
9562
8018
9452
4383
6192
8525
3705
9752
7790
9711
1648
8722
8313
7496
5589
5875
6396
2132
5702
3393
9735
6664
7277
7706
6201
5714
1928
6639
9022
2450
993
9511
4068
255
7128
7536
3544
6244
1500
6638
3294
5978
8243
6678
1601
2630
3643
6109
7072
5897
9213
1820
8433
8578
4551
3600
3329
6914
8731
219
7202
723
2290
6612
9345
5961
2993
6333
8645
228
8554
2154
7403
3237
2771
4113
284
3671
751
2121
3453
1991
7110
5194
5936
7919
4613
8706
5697
5293
3162
8708
7867
2972
9054
5143
6991
7022
345
9883
4990
6320
2715
9089
6207
4505
3650
8493
9380
8663
8020
783
6958
6251
9443
9359
6831
4222
3968
7370
389
7159
9737
1698
2164
7426
2388
5850
233
3147
5203
8537
6815
2869
1358
1041
1234
2339
6496
5705
4203
6588
1708
7089
160
7019
4824
1610
1670
3020
1380
1822
6409
2600
3914
7905
9555
9592
7208
6806
2423
5586
3801
9247
9292
7598
9827
6616
4498
6597
9901
1126
7825
8293
1548
5944
4269
440
4293
7123
9108
5992
7077
6975
1435
9795
119
3166
592
5947
7073
1499
8012
3648
4044
2941
9135
7338
9013
7778
1409
6000
8518
2929
3291
2970
9162
7915
1211
9751
5008
6530
4130
7423
973
9575
2355
1701
5078
4518
1414
7797
8014
9489
6797
7035
8871
9986
9939
1765
223
7854
1929
5349
1518
1341
9858
7923
9890
1425
6290
7084
6345
9932
3075
3670
8807
8043
3207
648
8333
9227
8311
1527
1429
1999
1969
7507
9623
9097
6157
139
5453
1615
7454
6878
9322
1345
2097
765
7696
6291
896
5168
7387
8163
6022
2347
9748
355
8630
3875
5395
545
5381
7397
5756
4855
4309
9823
9060
7555
7372
7217
1590
3538
1788
6758
6061
4860
5350
7991
4716
5380
4887
5289
6736
7043
2539
1254
9539
701
5860
2166
7358
7034
2187
6216
5228
68
6282
5717
6816
4032
9286
763
7542
7378
6738
3787
8558
9993
9088
6515
8423
5341
513
7503
7252
5174
6259
1692
4789
9743
4706
9680
6197
2686
8239
5774
738
9804
1759
7140
3701
6309
9076
2860
2331
4392
400
8763
2134
6240
7829
5314
2585
8119
1906
7953
6886
3082
2564
8775
3226
5238
2862
4265
8787
3688
6505
8362
6583
6263
8764
6054
9011
4640
9558
7567
3324
4274
7227
1658
572
8984
7364
9679
2879
2666
7928
7289
5217
724
793
3784
1613
8271
9394
278
5358
2141
9208
4294
1316
2444
9084
52
1057
8453
9600
4554
7023
764
7959
3992
2918
6285
2845
4734
883
1638
9151
5352
8102
2846
4966
6609
9351
7714
9297
9168
8747
9288
4013
170
8378
8171
7574
5844
1808
4828
1177
1449
4067
817
9646
1504
5874
7276
6937
5415
8687
417
8080
8090
4909
1842
2416
104
1506
1104
221
8115
9948
8459
8536
9636
7269
5605
3463
2782
2840
6003
8542
7052
4525
5259
1030
2011
4888
5638
3581
3513
7232
6969
6276
1158
402
7477
3573
2560
4792
8320
3458
619
460
3008
3263
1206
7761
3245
9355
4546
2735
7544
7994
4947
8943
9436
8346
5768
7916
4316
187
5527
8219
3778
8494
7161
9927
5810
6445
3091
6532
5520
9365
3714
2466
9201
5275
4295
4737
4731
4437
4641
5794
9451
8100
9497
307
9871
1113
5313
4730
7756
3630
2839
375
9736
8155
3222
6151
9961
4899
9543
6858
5123
2438
5025
9061
1592
4840
6224
6243
860
5771
8233
3918
5696
9397
6007
6658
676
3366
8223
9648
8183
1244
7464
988
466
3856
7458
7599
540
7753
6887
4517
7311
8288
2037
2901
6064
6181
2181
8533
6284
9979
6691
3280
3793
1092
6253
915
6364
6916
6737
5376
7947
4839
403
2457
7286
1898
9099
2213
9551
6832
7914
7532
6875
7037
5698
2776
9913
343
4519
9035
9450
5442
1630
791
3334
9601
4962
121
617
4139
5980
7986
454
8191
8381
5807
3966
4705
5241
9406
5295
6957
9686
2268
1086
5407
1913
4470
4443
1347
6615
4016
7945
7325
9659
5084
1267
1371
9943
2178
5220
2133
6704
8305
6631
7519
4934
5399
9564
7902
480
5462
8225
7270
4228
6867
8897
7884
2041
9717
5663
7191
3674
6154
1283
6769
5001
1055
1463
2820
2084
8710
3178
2244
4783
5028
4593
9968
8065
9756
429
6703
9653
145
2678
1554
7044
9158
7234
957
4632
5607
3759
8741
4535
39
1626
5555
1385
4061
4644
7413
9015
4988
3878
8000
3645
5250
9148
8577
5083
3027
9209
4278
6406
8979
5733
2857
2596
374
8097
7973
7261
1571
8455
7866
6946
9925
8105
9876
2690
5246
9143
5907
954
875
7876
7201
6782
4985
2677
3346
156
6427
4725
1306
6987
2000
2167
1998
7468
9419
1453
3315
2115
5749
1178
4467
6094
554
8330
4629
6250
5546
6564
6776
9477
4736
5587
728
2376
9251
652
3238
5534
4837
4821
8042
7143
61
1583
4126
7772
6654
2418
3823
3944
4977
9975
2384
6142
9494
568
6785
319
9305
7601
7056
261
9559
749
8416
7078
6165
9155
1290
6910
9270
8375
4173
6510
9776
773
1663
9177
5301
9476
7700
8238
3557
3791
5136
9420
2155
359
2932
5998
834
6710
9992
2473
6447
5894
1678
5454
8651
9808
1973
8278
9402
2072
9471
4942
8169
1608
1827
247
7244
8812
9504
9433
3613
5268
7200
7678
6711
6696
5272
2150
5561
7008
3828
2221
2160
6881
4463
5651
6928
5364
1835
6452
8777
964
868
9325
7660
1344
7334
6275
9734
1024
5418
2451
6056
5449
7726
4509
667
8748
7605
280
3435
3986
2934
4411
2766
3641
6917
8290
9998
2529
148
9424
5048
3015
8848
7031
9780
9199
598
5707
8141
3093
5565
9831
9186
9869
6215
6747
85
3772
8507
5591
7841
9989
1247
1850
3637
6234
9486
3851
5958
9067
6595
3252
7963
4636
5403
3117
8295
6299
7931
7926
1020
9063
2790
2035
544
8063
9192
6869
7524
6422
9787
9603
4581
8334
4528
6549
5754
2900
6188
3783
2120
7744
303
7207
9127
2180
7366
7158
625
8051
8203
5840
892
6750
7665
8218
9468
2669
3709
2818
7822
6376
492
7415
1362
8685
4598
2091
8516
9515
4395
9621
6079
4202
5604
4256
7443
3248
140
6559
6503
9730
9055
9410
9278
4060
3307
7752
1884
6614
698
7435
5391
6771
5318
3694
4377
7144
5583
3312
9141
4160
9809
9833
9629
1862
4561
9708
6781
8727
1939
1781
8923
9398
925
7236
4412
7462
7242
6161
8941
7579
2594
8936
7529
9144
2542
7705
6283
8040
95
3716
6866
9319
6773
4500
4347
5281
4216
6868
2511
9109
8644
1807
4421
7264
1777
4928
203
6843
9383
5828
8022
7466
629
8192
4174
6962
8665
9550
5119
7552
9585
41
8452
8236
8566
6994
6770
3636
2396
6954
9459
5439
7417
806
6449
1786
9268
6632
5572
2721
3814
1566
7333
4663
9301
1478
634
1859
7968
4665
5379
6601
6956
8327
7111
8962
1424
3715
4511
5644
535
2279
5566
9317
5581
1185
9021
6402
4247
2634
3019
7723
7767
5880
4785
8664
8361
6982
654
858
3807
8404
196
2039
2321
1243
4930
3982
4995
8869
8074
5288
1401
8480
8531
4904
8315
2406
6883
3496
8781
3767
7192
7010
7386
1035
5198
8972
9839
7383
5446
9439
5115
5076
4744
7743
3003
5758
7807
6389
4903
8208
3736
8958
195
6049
6643
4368
1368
7946
7712
1917
6823
8205
3846
1909
9382
7240
74
7897
1464
3187
2954
4642
5762
3301
5614
6751
7094
2143
4890
1284
1797
8752
9715
3964
7749
6600
8779
3942
7083
2589
7491
144
8953
5763
3427
1796
1605
4556
8903
8397
8966
6354
2629
8180
2688
