259
322
460
90
62
260
268
7
61
79
10
70
12
4
245
533
16
149
133
71
574
157
425
271
125
360
372
27
522
481
422
48
333
66
122
303
4
82
38
30
568
41
95
167
337
407
288
47
179
343
299
403
344
327
135
226
305
343
9
151
123
48
62
447
101
367
232
374
108
128
236
373
280
499
74
75
8
593
78
355
261
19
300
350
84
225
86
101
371
287
364
87
92
338
397
209
379
452
60
152
395
249
170
97
188
191
68
31
111
9
385
65
112
305
342
438
102
309
413
251
193
121
320
112
124
47
301
423
128
238
130
32
275
419
134
383
297
137
176
473
280
528
416
468
61
479
207
350
373
46
213
40
245
217
591
284
156
68
155
159
64
590
429
82
164
100
441
203
318
169
170
537
96
383
289
358
28
459
177
117
259
314
182
13
364
168
131
358
231
153
312
370
153
154
516
195
183
80
198
575
475
290
288
137
180
553
408
230
208
494
163
127
399
531
105
252
217
168
292
219
463
221
81
223
224
316
314
503
228
370
517
160
185
595
98
443
247
293
525
31
187
57
282
243
480
134
93
85
49
161
250
401
114
36
21
106
155
283
258
89
366
197
589
263
27
485
38
394
255
450
312
46
342
558
54
216
17
385
115
1
53
345
381
242
279
285
399
331
268
233
118
187
292
64
132
237
180
332
298
73
131
301
130
35
256
313
76
380
308
77
229
311
381
335
183
317
225
244
437
173
122
18
272
576
361
325
116
43
547
510
486
331
332
249
139
190
371
125
96
89
197
341
519
138
286
392
490
267
348
588
418
234
352
353
69
355
351
322
483
167
389
296
362
190
104
451
88
466
107
369
176
29
493
234
432
94
376
377
566
379
380
289
257
135
323
359
164
55
351
347
505
388
133
159
368
518
166
49
515
596
0
210
72
3
326
265
471
349
535
283
278
11
426
58
206
15
297
218
498
585
20
83
39
191
309
157
208
538
224
99
313
209
587
365
295
172
200
563
86
39
250
315
270
58
44
45
33
219
50
110
410
214
375
348
158
500
375
462
583
59
60
194
467
148
241
65
335
67
233
69
56
253
29
73
74
324
266
77
340
395
80
546
526
184
539
557
524
57
202
14
119
91
470
277
24
95
514
34
59
171
188
352
147
100
328
105
235
107
108
152
110
349
212
120
495
19
193
496
136
241
501
141
52
390
145
275
559
2
175
411
121
26
393
369
8
185
51
570
138
396
199
70
320
143
144
237
165
192
148
32
150
54
530
302
25
327
99
478
299
102
477
161
162
306
550
396
254
330
354
323
206
207
160
599
84
175
293
318
228
454
560
42
172
476
184
42
353
295
488
116
378
564
149
392
404
13
231
431
357
387
386
291
540
284
204
205
10
388
513
382
45
211
186
144
51
398
573
586
482
254
220
504
174
594
81
247
25
277
281
240
98
35
232
196
248
235
368
579
523
239
238
124
484
311
115
5
243
129
445
264
290
189
255
598
552
55
489
257
140
382
227
44
262
104
154
302
265
567
469
41
6
319
221
273
274
276
337
229
28
182
5
409
282
220
215
269
315
178
173
363
106
291
119
222
240
34
321
136
298
1
94
464
204
303
79
113
166
307
377
334
310
91
22
456
329
63
165
317
36
326
329
230
354
71
366
52
582
356
23
387
109
266
37
345
334
487
194
545
78
339
18
341
103
11
20
406
509
162
442
6
93
304
391
199
256
142
53
198
321
359
113
430
362
201
186
544
26
286
285
372
97
306
316
458
212
252
580
72
378
210
307
127
90
393
239
202
367
269
357
7
304
439
435
347
196
195
215
397
189
171
400
117
271
126
344
390
328
361
251
281
491
556
412
548
414
572
287
417
67
578
420
421
581
472
111
336
248
427
214
360
338
571
140
433
434
444
336
103
141
258
440
76
145
405
21
398
446
147
384
449
120
260
181
30
415
527
330
543
33
201
211
142
132
300
263
223
365
92
272
508
363
424
3
179
356
319
262
43
492
549
244
126
24
296
227
143
218
246
346
169
346
324
40
213
226
308
174
497
270
461
83
325
502
192
129
37
506
236
394
376
339
453
279
253
114
584
534
109
63
12
520
521
118
551
203
391
569
264
66
529
178
16
384
15
455
274
536
50
17
0
333
541
542
181
139
276
532
428
512
561
436
242
465
146
554
555
2
577
273
278
177
507
310
56
163
565
156
267
14
200
592
123
562
389
294
448
146
22
402
75
474
158
222
386
340
205
216
457
85
294
246
261
511
150
88
151
87
597
374
23
