2800
1
4752
2052
4
2463
2505
94
91
3048
4475
1462
487
3645
913
1978
2778
3095
4027
69
1005
1359
2795
4462
444
4692
1747
4153
546
29
2968
4408
2298
765
4980
1759
4305
2260
941
2376
1184
3696
4334
4124
3962
152
46
2014
4174
3548
3733
824
52
1775
2779
322
478
2417
298
1001
3136
32
3930
3821
203
1222
3189
67
1253
2797
3426
71
72
1585
3466
8
4825
77
78
1442
273
732
2086
4518
84
3628
86
122
4738
1639
37
2001
3998
4878
4535
2616
4143
97
1165
179
100
2599
837
4009
104
2471
4420
3693
4093
4588
3286
686
1756
1744
4126
381
1102
2782
2856
557
120
2268
3537
123
4074
6
1437
3307
1594
4566
4350
1171
132
397
3283
1158
2104
3725
3774
2792
1367
141
1816
1914
3001
1905
3377
3822
2280
790
3124
151
1663
1633
2906
2495
534
4396
158
3983
160
161
162
163
2986
4017
3524
1830
337
3744
262
1865
172
3342
1455
1308
3412
4933
1137
3920
3321
1069
182
1527
18
3413
186
2651
3184
1402
4904
4457
553
193
1408
195
2535
1286
2016
199
401
3594
4185
3268
359
4653
753
2584
1963
3707
4789
211
2514
3887
4504
3975
1982
321
785
2900
2521
221
3512
832
2381
1279
835
227
1990
4362
395
4365
4316
233
2674
235
4010
2781
3754
3182
3093
241
2525
243
2048
245
2682
4307
3290
2193
3526
251
252
253
95
3113
256
2813
2960
2174
128
2390
595
263
4894
4568
1075
3410
1617
2998
270
4176
4161
3467
2405
3871
3261
2957
2149
4826
4527
1112
1577
2772
2757
3040
2151
3141
3484
1973
2668
4259
1846
1132
4578
1957
379
297
2046
3971
2891
4281
1808
744
3753
4617
3625
566
4869
466
41
311
218
633
1099
2098
226
4755
318
139
2147
2441
2210
2841
4736
4593
418
3486
328
2910
13
331
3767
634
1825
4276
1040
594
1375
897
3688
1726
609
4360
3488
2945
346
261
1261
3190
1287
3986
4183
238
1058
1599
389
2467
2272
3425
3663
445
362
2587
1826
4156
366
54
4245
1698
2685
2374
372
3076
2159
375
3847
377
940
45
2528
1431
2377
678
548
3239
1881
1451
2979
3728
3078
2949
951
4995
821
964
2041
1656
1602
2036
2561
1533
3306
2992
719
4207
2691
2412
408
2803
3183
4948
2053
329
3363
415
4063
417
4832
859
4964
421
4375
189
3156
4619
2689
427
4501
429
2042
4522
3519
4852
3933
413
4809
1623
3383
1955
3401
4104
3988
443
1709
1282
1885
1142
448
3633
450
451
3630
2290
1666
3965
452
457
2019
459
201
461
4082
772
4795
465
593
3228
2013
469
3802
2492
2493
1365
3750
1410
476
2384
2553
2665
2252
4903
1560
2024
2195
4516
398
1717
1899
3431
3362
491
2570
1022
4529
2680
4581
2736
498
2767
3209
3299
1589
3052
30
3926
2424
507
1760
4387
789
511
3218
4575
26
515
1249
517
3509
458
520
1835
946
2093
1485
2347
902
937
3014
3200
1166
2531
1920
3918
1456
22
662
283
3460
1007
3980
60
3211
1211
1872
1143
519
442
831
911
2026
4594
2742
3240
2663
539
2391
3614
558
559
4234
4930
2379
563
564
2410
4820
4602
568
2241
3662
3761
3360
573
574
575
3503
4773
305
1695
580
581
2269
915
2974
4435
586
1944
4178
4186
590
1353
1913
1842
3783
56
596
267
1453
4718
1725
1449
1940
2544
2357
3059
1474
1753
2880
3721
610
1500
3223
129
4106
4875
4859
2836
3197
1238
3803
854
622
3873
1087
2853
2749
2127
980
2771
1984
1754
308
4656
2643
2490
636
637
2793
3888
640
1284
399
4466
4766
2829
1989
1186
302
1255
533
4935
652
3772
654
1444
4828
657
4265
659
3632
1652
1729
2798
290
665
2675
597
2058
4162
670
4761
1962
3263
674
1185
4923
4756
440
679
2851
822
579
683
3741
3848
764
4389
1862
4163
4646
4179
692
4036
2082
4128
4970
4663
1724
3077
3451
942
702
703
704
2967
1891
35
3775
3254
1843
2344
392
4268
1234
1896
1569
2996
330
3817
2325
1882
722
3711
4839
3941
4314
2009
728
2300
1545
4195
2699
14
420
852
2603
737
1280
2884
844
3245
3127
4029
2002
745
2175
3798
149
2202
3497
2639
400
4048
1018
755
3175
1063
1479
194
760
215
3195
191
202
649
249
3238
524
769
2254
2420
3959
1398
774
2760
4777
641
4152
3597
3683
781
470
2901
2937
2959
1977
119
4214
4647
4045
4886
1366
4272
2687
795
2360
2353
906
2672
516
1339
802
3678
1368
3072
806
4908
2459
3016
810
3192
2438
4523
814
3620
569
817
4238
1448
883
1306
3942
3601
4141
1056
1387
1505
828
4264
4596
3738
183
3232
1414
1748
4891
784
2257
3890
4707
841
4449
921
1781
845
1122
365
3546
2478
3316
758
2068
4470
1463
2889
1694
436
248
3191
979
2067
2153
863
2116
3647
2933
2084
868
869
4069
2843
3646
2343
4967
1510
811
1648
3163
130
794
4674
4243
310
2135
591
695
2500
1147
4783
4057
1923
3026
1072
894
2993
4044
3054
4203
2978
3114
3157
2134
4746
1210
4227
4315
1247
2569
3853
1464
81
4007
899
276
1860
4708
639
918
919
4695
1837
1180
3964
4026
4943
3527
803
410
4857
3841
1774
234
1070
934
820
1841
4996
4986
939
750
38
4006
3394
4496
2489
472
716
538
1788
2579
993
952
606
4639
4686
4123
1938
958
3119
134
4558
2286
4534
3210
965
966
3039
357
3402
1598
4140
4275
3842
405
975
1556
101
1268
3550
3047
910
338
4361
3898
985
1876
987
1928
1820
2423
4900
839
1309
2633
347
2221
296
619
1708
3553
4042
1002
830
1004
776
4503
827
4452
188
4087
4419
3981
2936
2385
1015
4724
4544
1338
3889
3909
1310
4739
4604
874
1111
1340
587
2263
4358
551
3701
1032
1028
3631
3417
600
3673
1038
526
1915
1041
1152
1791
2246
2582
425
3351
510
861
4344
1027
1198
3558
2835
1683
825
628
4726
2789
2817
1061
541
3160
4579
1065
3074
3656
605
2863
2946
1071
3143
2766
1074
1965
963
1077
1363
168
3865
85
1768
3843
2433
3174
58
3504
3530
2854
4280
2927
1092
4975
3789
3115
1096
2393
374
3139
1100
2556
1831
4325
1807
3370
3427
3997
1108
4208
960
2980
4725
4114
1693
2958
2439
3462
184
24
2613
1121
3135
2282
875
1334
4052
4906
2474
3098
1127
3222
3611
2072
3474
4356
4778
4771
4367
4012
3393
767
2694
2402
1236
3064
2799
631
1148
4887
4514
2468
3698
21
3011
3045
1156
2168
2919
3023
4231
1161
1517
788
1976
4313
4092
2248
1168
1169
1170
1669
3791
2409
2558
4352
1394
4779
4353
3700
3987
4172
3976
3543
1106
3405
1674
2580
1188
3176
4635
3378
3996
1193
2079
1195
797
1081
2717
1660
1200
3088
2666
1583
3399
3367
989
2487
2228
3953
3255
4321
870
4974
1348
4403
76
411
1218
956
1220
2235
3025
1223
1953
523
1226
981
1228
2406
4454
2180
3867
1893
1519
481
1681
214
1508
2496
4070
1241
1699
3058
3262
3147
3105
114
1248
1494
1250
1251
4824
2274
1469
268
1607
2415
3309
681
2751
4008
1954
1680
700
4547
2970
2502
2249
1269
1794
4909
2965
1273
1274
2338
3979
1537
1278
3304
2403
1281
1850
4341
1974
1285
12
3395
1224
2429
3985
1173
1857
393
1267
1295
528
1297
1761
1299
1676
4405
1302
3957
4712
2401
4713
1293
1749
1562
1021
1692
1854
1313
2356
3247
1933
3463
4293
403
2012
3251
2399
155
1324
3217
1006
299
4298
1329
3565
4164
1889
2721
1125
2130
3536
4021
754
1413
1911
1341
1342
2890
2144
4963
4793
723
1396
1349
2885
1735
3579
3194
1354
2113
2314
1664
2346
3060
2288
4113
3073
2201
3031
1304
872
3719
2289
1369
2327
1371
3108
3053
608
1083
1376
1960
3850
1379
2814
2317
2534
250
396
1958
786
922
1388
1389
3861
4611
3044
1877
4934
1395
3433
1397
1179
144
2730
1288
4413
108
3917
1405
212
1407
285
124
4729
1555
4880
4587
3923
4213
2477
711
4818
4835
1866
4502
4530
1423
4697
1425
2644
4699
4889
1017
1430
1750
2539
1433
4877
3080
4573
1917
1391
1119
4378
1441
629
4827
4879
2620
4039
1874
3577
2419
2025
4762
2985
4630
1454
3330
555
4768
2849
1459
602
4068
3679
4731
394
632
881
1467
1035
80
508
3017
1795
1473
2523
4423
2302
646
4640
998
1531
1712
707
2035
4252
2852
1209
1606
4919
3282
4937
1491
1134
1493
2647
74
1604
1621
1498
1259
1440
1501
324
4759
2547
1488
4177
1991
1570
4189
4620
1088
4615
3709
2275
4196
884
2238
3229
4519
948
1237
984
3278
4135
505
2883
3661
1528
1529
1530
1513
3029
3749
4691
1535
990
1029
404
232
314
2550
1542
2089
150
1618
1546
62
286
4829
3376
4990
2598
1771
4368
1411
1481
2293
4629
1511
1244
1561
3099
2212
1564
2942
1936
3406
4636
1126
4565
3121
3694
4614
3919
1985
1576
1206
1897
887
353
4458
1582
2503
959
3421
3539
4612
51
2614
4115
2739
725
1351
260
4191
16
2833
1593
2005
4119
1601
720
1318
3277
4220
4633
3562
342
3434
3859
1611
1910
680
1635
3912
3324
2555
2304
977
89
3244
1254
1468
2888
3751
1626
1627
1477
4816
1630
2222
2609
2124
2110
4553
4477
955
2811
2309
4788
4421
560
106
1434
3813
1114
70
3766
2809
334
107
1305
1653
1270
1107
4808
1657
833
4155
932
1894
1929
4289
1296
1665
1079
1667
36
3992
3250
969
2802
2271
219
2220
3008
2707
1461
1290
4754
1205
1682
4792
1317
1685
1686
4169
877
1689
3485
3732
2354
2177
2753
4973
3260
1697
2806
3271
3386
675
1702
2790
4958
1115
1706
3100
999
43
1710
2446
4953
2868
2244
1129
3716
4145
2764
1719
3747
1721
2341
2549
1403
3609
2606
4364
2650
669
1730
1776
4121
2527
3264
650
4922
2444
1810
2305
550
2197
2874
68
677
3279
4429
3446
4373
1619
4118
3714
1588
1401
4354
4545
4668
1757
4703
1661
4055
3561
3970
2245
1764
9
3806
2264
1608
1769
1770
1260
4815
1662
4476
53
4267
589
1059
1332
1636
87
3555
1783
4509
529
2023
1787
4159
1085
4772
4004
1123
1796
2030
1415
996
2075
4022
2619
1800
2873
1802
1803
3032
4014
1806
1316
3493
3153
4576
3905
693
1970
1814
3910
4743
2529
792
1921
4436
4865
1690
3686
1824
485
4064
2810
1828
4780
2807
3391
496
4860
3097
3658
1836
1994
2481
1404
1840
1839
34
1548
4833
2421
1476
1066
1439
801
3120
1851
3881
4363
1246
383
3913
1539
583
4222
4060
1157
3253
1117
4941
33
4918
1867
1868
3002
2291
1871
4800
718
4349
1671
986
1833
2188
1352
133
2786
1036
3793
2501
607
3955
1385
2590
1480
3472
818
1892
1227
1705
783
1571
4085
4677
488
1067
2972
3379
3795
4187
1572
698
779
3582
1393
3610
1130
2355
3291
3085
1139
4465
376
2983
1919
3436
1568
2976
1858
1924
1580
2157
3856
876
2054
269
3326
4591
4609
1934
4474
4451
31
957
2831
1086
1141
4416
1383
435
2964
426
2125
1045
2897
57
1951
3339
3161
1490
2655
4757
257
3840
2679
4610
1961
4574
4905
756
4225
916
3357
1968
3102
4089
2750
1374
1971
3037
1975
3300
3552
2454
2876
1980
246
800
1983
3784
4517
3762
352
4511
1526
2659
3715
850
1993
2931
1995
167
4327
522
663
3626
3241
4794
3978
3760
2145
2517
668
2008
4016
2010
1696
1718
2567
3272
676
4418
2205
2870
2044
1587
428
4606
1586
2431
3672
3212
209
492
3471
3221
3849
3049
2033
1935
4076
3972
3144
229
2039
1277
109
3400
3596
2669
4095
4664
2047
2208
4469
936
3035
3140
900
2214
904
2292
2057
3723
1162
2443
1584
1642
292
2064
1731
2066
1204
4383
4050
577
2071
117
2200
2074
2150
4097
3216
4864
4702
2080
2081
2912
2083
4409
613
437
2785
4531
1901
2090
3669
2416
2049
2903
540
1818
3770
3724
2871
2100
2575
808
2103
4146
2422
2106
1855
615
3352
1202
4287
1150
570
315
3284
3739
4784
4000
2119
2120
2121
4811
1715
752
291
2879
4406
3545
2063
1875
4376
712
780
3012
3685
2136
4478
1615
3592
4401
2141
2142
2732
1128
3234
2838
621
2148
3006
2656
102
3638
4071
3213
860
1538
1591
2158
4304
618
888
2162
2163
2164
2165
1428
2683
2773
1322
2170
3128
2172
2173
3430
4925
1291
1646
1013
2179
2519
2982
2182
1516
536
2185
3736
2339
931
464
59
731
4211
2453
3508
1859
1427
293
2801
2710
503
1068
3513
2203
2947
3348
4926
2207
244
2209
1804
27
3644
3836
4959
4165
2216
4893
2826
2660
4233
471
3748
2223
2224
4767
3973
2618
2021
2183
2230
4446
93
1076
2234
3931
2236
2237
1679
1187
313
2703
3122
2101
903
3581
673
2247
2050
796
306
2112
1263
1931
3432
3225
3319
1478
3332
1010
1964
2261
1031
3567
2511
2538
2253
3825
1581
3109
3407
4342
1262
3922
118
2315
2612
4917
4822
3028
672
504
1053
2283
3173
3768
4957
2299
748
500
929
2564
4472
4331
2294
4288
4505
258
1722
2167
4467
2301
4422
2303
661
3465
3528
2307
1319
1078
3003
4608
3668
1172
3717
1432
4714
115
2318
2319
4090
2321
2322
4262
2324
2217
2326
2537
2328
2875
1409
4632
494
1890
2333
4437
4442
4224
4480
1190
4257
2867
4332
1093
4455
2345
1492
2989
3155
1937
697
4192
1798
467
2642
4047
1745
2465
2266
4498
2746
3338
738
2363
2364
2118
2366
1592
3860
2504
2370
2371
3334
3641
2963
4539
39
1659
1579
4434
2380
3580
358
1445
4954
333
2386
4938
1651
1012
3475
3838
1212
3934
3146
1848
3369
627
3368
1534
3444
3629
1515
1105
116
962
1524
2951
601
231
3692
2411
4079
4468
110
2938
4641
1887
655
1738
857
759
2769
1416
367
2040
47
2427
2924
1952
345
483
1230
4851
2434
2435
157
3068
812
2011
371
1650
2442
2715
4785
2445
3681
3178
521
2449
1649
2451
4782
1819
460
3180
2456
2312
1163
1502
4266
2461
4317
1145
4657
2645
3311
242
4508
4377
4215
2094
96
2473
356
2475
2476
3372
205
2861
1196
1838
1272
3886
2484
617
386
3236
2256
4685
344
2491
236
734
4254
991
3857
4088
1590
3510
4003
190
4687
3168
169
2636
2506
176
638
2509
3901
3409
3618
2513
1945
4972
240
4932
3832
2572
2520
3727
4896
2277
432
20
4217
1733
320
2917
3491
113
4874
4078
561
1966
2536
2131
1847
1849
2540
542
2702
210
4204
4550
4510
3420
1192
2542
2115
1438
1755
3461
4733
1386
3152
3206
3337
2088
2610
1823
2565
2563
3276
3142
4749
3476
2899
317
4355
4658
907
335
2574
873
2576
643
2578
3595
2515
2581
2611
4850
4781
2722
173
2638
2588
2133
1603
1452
4991
1740
4694
2466
739
3729
1421
3477
2593
2601
2602
2250
111
2494
341
1051
2608
3946
1563
3177
2043
578
4949
3576
842
4979
4842
2396
414
4260
2622
3243
3112
223
2626
2962
48
1949
4626
3118
1336
994
4274
514
4206
2213
2816
4482
2907
2480
2740
648
170
4915
2646
2152
2648
4122
1930
3549
4624
1144
2654
4488
4297
2568
4167
1360
3869
3479
1701
1356
3443
4493
3478
2667
4848
2432
1167
2929
4671
2673
1337
4296
2096
4704
2697
3967
3808
726
4983
1097
2278
856
2686
690
805
1700
187
4348
4837
2693
4031
2695
2045
282
2915
332
3034
656
3999
4947
2704
761
3541
1916
4901
2709
3374
312
2625
2713
2714
3523
2716
506
2718
2706
1797
1436
3459
3301
2621
2725
2726
2727
2728
2585
3126
2731
923
2733
3314
61
771
2737
2738
953
3051
2928
855
3916
2744
3094
4888
1655
1714
1578
1793
862
2658
3573
2754
2755
1314
3699
3544
1736
2323
2761
2586
3050
3914
2832
603
642
2768
4665
2554
4774
768
3009
2225
3483
3424
3518
2413
3809
2780
237
714
2783
3089
2194
1943
717
671
1614
4125
2533
2596
1159
2794
895
740
3824
4180
1146
3408
3215
1672
846
4549
3046
171
280
1294
480
2486
439
2812
3794
3205
4642
1605
295
978
798
4651
3456
2822
3938
2824
2825
4965
2827
4108
1883
2830
2129
1178
90
279
4916
1429
3511
1030
1307
896
4404
4814
2425
3350
4618
4689
3170
3366
1203
255
2678
3790
2729
49
2037
2969
3617
2858
2859
1620
2711
2862
4182
446
1575
2866
3498
4719
2719
4740
3480
3344
382
1742
441
1711
3186
1333
1743
3438
2881
3249
4810
2787
2258
2886
2887
4598
2943
3704
2860
2892
4366
3208
2895
1512
3004
2898
2092
368
3187
1487
1809
2904
64
3816
3392
2908
2909
3615
4292
3954
1946
3995
799
360
3534
98
1766
1625
3969
2741
1645
99
2925
407
3295
3501
3522
2930
3166
3636
4023
1786
2359
2426
813
75
2551
2140
136
1118
1811
3404
92
890
1898
3878
4524
3815
301
2557
2953
1752
3353
103
819
614
4775
4210
2844
65
724
1926
2059
3877
3634
3799
2105
2977
2971
4205
2973
3274
770
4564
928
3670
3373
3496
4065
3349
1918
3657
1233
1907
4601
3960
2078
791
4136
1998
15
1878
2935
3167
3302
1138
2296
2004
4486
326
145
1763
749
3327
3786
4199
2759
1870
4424
2007
1886
1110
3851
1358
1231
3440
3056
2392
4840
943
1687
689
635
565
4294
3604
159
2512
1325
3171
2123
4439
309
1778
950
3325
4742
3785
1595
2834
3966
316
2926
2913
4661
2199
2991
2864
4652
462
699
1043
406
525
83
4897
535
2498
2460
2369
4346
834
4654
1922
142
2692
2723
355
1863
1506
1201
3390
1549
3643
1972
4445
1151
1327
4149
684
2155
3834
1880
4461
200
1853
3067
1300
4992
3891
1392
1312
4117
1399
2589
2436
1382
146
4998
4856
4858
4836
2821
1276
2227
4711
4765
1098
3603
3939
3591
2367
4219
2204
2458
3310
143
983
3449
3288
4142
2701
2720
4212
729
3706
1155
4072
2316
3320
664
178
4603
3566
3107
4299
1471
4563
1216
3356
4284
1939
3764
2447
4030
1948
3489
3585
456
3932
1321
1465
121
2091
42
2641
3653
4645
1829
2700
2777
350
1540
2775
4616
3659
1443
696
3305
3448
3132
3514
1670
4841
3007
4286
2914
1460
3423
2006
1104
3837
4306
2485
1762
4393
4507
3950
2146
4698
325
2845
198
4430
1450
4946
4683
3079
4271
4730
4515
545
3317
3487
4621
138
3531
1048
3365
3759
4866
685
933
3116
1703
3355
3018
4589
3507
976
4819
1089
3110
3963
1902
4034
2762
2748
3991
4381
1805
3587
3713
3557
3130
2763
4985
4993
3242
3289
4649
486
1014
4966
974
1458
2069
3149
1751
2966
388
351
499
571
3162
3061
3502
3776
1727
1895
4584
954
598
1219
3583
3529
988
1026
3179
4669
3612
3845
914
4659
2027
2334
2020
2677
2219
4500
402
3030
530
2662
1016
2847
3419
3804
1622
1131
259
2407
3096
4407
576
2437
2192
4201
4491
552
4432
4232
644
762
1275
3735
2372
1214
493
2756
4111
1640
1199
3293
4688
4005
4830
4494
4190
4710
886
2017
148
3154
2161
3267
4838
1812
4273
554
624
2671
1160
3572
3902
1271
3864
2154
2062
4499
4802
2837
4277
3343
278
1003
3292
2368
2361
3823
2758
501
3563
1628
826
3702
3065
3452
4250
3876
1612
1927
156
2358
1777
3201
2342
180
4807
192
3605
1472
4058
4239
3907
3642
4033
1191
2661
3811
1822
3495
4969
3198
4428
3106
4120
4483
4521
2132
4971
2921
3756
1566
4796
5
4054
3042
1412
3830
3600
1154
1673
2276
4988
2712
4650
3158
599
2624
1632
196
4676
3948
4151
3235
3125
125
3013
4821
1631
3281
1054
1884
3340
3691
3680
3371
336
1691
7
1109
4218
319
1183
1801
4249
2160
274
3827
468
409
4513
2450
2198
473
482
4460
2948
2776
2684
438
11
2267
4209
4812
871
3989
2818
4221
4592
3439
4444
254
4020
2351
843
44
19
947
63
3608
4924
2939
2839
4684
2629
4798
4229
1153
2365
1908
2497
2676
4845
2028
272
2348
2143
4343
1052
2414
2107
1422
2877
165
1320
4256
1912
2956
230
4188
1950
2882
3219
3500
4041
4831
4075
1573
3416
666
3038
926
4670
4911
3441
1197
2297
3810
3148
3207
3381
701
3903
2911
4028
2430
4384
3224
4863
829
4391
3104
3883
2617
4025
3196
4080
1520
3169
3831
79
1420
4936
1532
2981
1856
853
4843
2029
3346
3755
1019
3765
743
4872
944
4081
773
742
4763
2735
4240
247
1484
449
4920
3270
4846
2499
2077
4094
3990
3712
3202
1817
3623
3708
1311
4308
4046
2944
4471
3958
431
592
2941
4053
307
3159
735
1292
2893
2698
2840
509
3575
746
4861
3763
1400
2099
4390
4625
3602
1390
878
3820
4557
10
4928
3874
1435
288
3380
3730
667
2918
181
1213
4892
4627
3492
1523
1257
3246
1780
706
3499
2408
1947
4997
2649
2034
419
2169
1988
838
354
687
4638
3165
3652
222
1996
1235
623
3677
1264
3361
4583
912
4263
4067
3297
2583
4590
3375
2548
1658
2404
2988
2819
3703
4862
433
2242
3220
4130
2640
3977
4043
3829
1283
4952
4960
3266
807
4127
289
1011
4184
3022
4171
4537
369
3403
3117
4675
4709
4101
3185
3771
4441
4303
3650
4554
4324
2987
2189
4805
4116
3894
4634
651
349
611
153
2508
3087
1182
2395
3927
28
4062
3742
3388
137
4715
4989
1790
4580
4402
1525
4083
339
4425
3275
1675
343
513
277
3203
3570
804
3091
4395
3925
2018
730
4487
1380
2628
1720
1057
4660
3949
3411
4734
2061
3347
4942
4570
2015
3667
206
3718
1551
373
1909
1084
4758
2765
1050
1229
709
3000
3911
3428
3720
3442
544
1552
4194
1039
3589
2681
284
924
4370
1315
4882
3882
1704
1094
1638
2388
3322
567
3150
809
287
3613
2869
1624
3879
1298
4139
4133
1999
3778
3308
2630
4556
1113
885
660
3285
4540
1997
938
3885
3230
3323
970
865
4137
264
3069
3070
3057
1637
3341
4679
3852
1643
3164
2060
2952
1489
3952
1734
1124
3447
4347
851
736
4667
3792
3805
3043
4158
4236
2137
4791
972
2995
4595
3515
2488
1900
4326
935
1941
3665
4223
3226
4940
2452
4559
2070
3855
1346
2820
4002
1149
2262
2592
547
4551
4170
2281
4680
484
2469
1225
3697
4706
4490
2108
4073
1574
4870
4705
1103
2848
892
3086
2872
645
2850
4244
3329
23
4968
1509
2397
866
303
647
4241
4673
3758
1647
898
1610
4929
2975
1741
4385
1091
4981
1135
3940
4723
864
3081
4561
4013
177
1175
1684
175
2961
2573
4399
2166
2329
2178
2657
4855
556
4722
2541
867
495
3033
3619
4035
1903
3900
1181
691
2955
2940
2705
2056
4131
4463
4939
4770
3298
2482
727
543
4666
4931
1567
1303
4804
3945
4760
1024
2842
4622
949
2295
1981
4032
4700
1446
4662
4412
66
4411
4907
3335
4572
2440
1558
4372
3269
3145
2340
4546
1758
2251
1739
4728
3172
4459
1240
2308
2000
1879
4400
154
2398
2752
2349
2635
2637
3943
4397
3624
4427
1120
4599
1668
1869
2770
4193
2378
658
2823
1732
2524
4148
3041
3893
518
3533
585
327
2808
497
1064
4999
17
1495
3818
4481
3906
4453
879
1521
909
2285
920
3675
3571
3062
4890
982
4202
3787
1073
1243
3520
2805
3
4913
4157
3445
3745
4379
4340
3921
1565
4386
4291
3294
4955
3015
3710
3490
849
3757
3928
3092
105
3648
4100
2085
4751
3134
2187
4655
713
1101
1716
1364
2865
73
3599
3746
2032
3468
2566
3101
4555
925
3521
4497
4883
4290
82
2920
4871
1176
3554
4105
1979
370
2604
3974
2310
3237
2560
3516
225
4745
1355
3826
3584
3994
3024
1025
3812
775
4797
4479
2455
2530
131
4744
502
2139
2518
3935
1522
3588
340
1343
930
1904
1221
216
3193
3590
3664
1377
3280
3084
1373
4813
4854
3214
2051
3651
2652
3010
2273
265
973
2857
653
2389
1497
4484
1543
1852
3359
2284
3844
3397
3689
2653
380
2747
1301
4175
4976
3082
3895
4337
3315
1987
688
1055
4806
1418
217
2954
1090
2336
4597
2627
1782
2031
4181
4495
3313
1514
4270
3389
2724
3021
2526
584
4885
4282
1541
945
2400
3396
2916
2690
2330
1475
2240
997
4150
4748
1258
836
4790
3204
55
4166
620
1713
2065
1925
424
2594
787
4040
512
2984
3982
4323
3607
3908
782
3248
4945
2350
3649
1861
4847
2383
3578
1613
3695
2243
3814
1140
4450
275
127
271
3418
3071
3354
2331
4737
1765
4982
3358
2335
4319
126
4336
4059
4037
1362
1677
1772
549
4520
3296
4302
3336
2688
1136
4443
823
2232
3103
4605
2311
2287
1326
3506
387
1832
2696
363
4091
1457
4228
763
2337
4248
4690
2265
532
2896
2231
1424
3574
2233
3899
1372
3705
1845
3593
1347
304
3422
4096
927
166
1044
454
4278
2546
1784
1009
1789
1641
4643
4414
474
995
905
266
3734
1047
4279
4084
4536
1331
2128
4382
2595
4015
4371
562
2532
3801
3788
3671
4786
2796
4716
2552
908
4339
4251
2097
3839
4902
3333
2117
4154
3684
3769
2828
1550
1799
2448
1082
4464
3944
4168
3131
2543
4526
2615
4912
882
207
880
3858
4380
2239
4311
3517
1361
889
2462
1033
281
3560
2479
140
1419
3265
4732
3780
1992
3937
489
3924
4672
3743
1959
2259
1547
1609
604
3437
4876
4950
747
848
1215
733
2306
4345
3364
2215
1969
4051
2138
4542
1328
1813
4019
4098
4258
4417
390
2559
1728
1597
1779
4485
2631
793
3273
239
2229
3807
3606
3868
4333
4301
3066
705
4895
2894
4351
1644
147
4681
2184
1194
1174
1208
1381
1792
625
3233
3819
588
3382
1932
1046
4867
2126
4977
1133
4237
4753
2902
3111
3993
3654
4532
4910
1596
4132
901
4394
1252
3123
2600
3464
1049
531
1503
3453
4978
4769
3635
4077
1020
4038
1447
4613
2320
3854
2999
2076
185
582
1654
4242
220
2055
4138
4548
3482
1737
4644
3915
1177
4066
1357
3384
2623
4269
3258
3473
4049
3137
1417
1785
3846
4489
3414
3951
4951
572
2804
422
4330
1323
135
434
1616
1350
4129
3800
4285
378
1345
527
3559
4230
2206
3188
4577
1518
2815
3666
2734
3470
4061
1559
364
626
3227
1688
2095
4801
2934
4701
4440
715
4898
4623
4944
2428
4431
3655
4764
3781
777
3469
3731
1496
4144
1256
4147
4533
208
968
3752
1504
4102
891
1023
3637
4569
4956
2279
1483
4562
4528
2591
1207
4543
4853
4001
455
477
4552
4538
815
412
4261
204
2457
2122
1557
475
4456
3151
2464
4109
3892
2022
88
4994
4787
4881
1116
2038
2708
3833
2190
1746
2003
3870
1844
3968
3525
3256
2932
2102
4216
4357
1678
630
1773
4648
25
2510
4607
4899
778
3947
1164
3318
3387
4776
1370
2607
4110
4823
3458
3872
2156
4628
423
3862
2
2997
1289
4056
1062
3328
4921
971
3687
1629
3303
1507
3345
1888
3961
4309
4253
3690
2784
4247
3726
174
2218
3936
430
2634
3075
4582
1242
4961
1266
391
228
3875
4246
4799
3676
4984
490
2788
1834
4682
4312
2181
2562
4696
847
4849
816
3027
3863
1827
3450
3063
4844
2664
1265
4817
741
2176
4255
3569
3740
463
893
3598
3616
1482
4693
4226
1470
751
2171
1330
961
3199
1986
612
3779
112
2743
3454
1600
4448
3773
4834
3398
1239
3090
2073
2382
4283
1499
1956
3828
4173
2255
4914
694
4392
3055
4086
2605
348
3737
3896
4560
4987
2950
3880
300
1942
1406
1967
1034
2191
4160
3259
4107
224
1554
3682
4388
537
4320
4198
1707
3835
4359
2352
3036
4310
3956
4295
2990
2270
1767
616
4735
4134
4750
3984
3547
3897
2362
3020
4873
1553
4018
1037
1486
1466
4512
3564
385
4011
4506
2111
3904
416
4024
4962
840
1008
2418
4525
4678
4103
3586
3287
4803
3435
3796
2632
3181
4197
2878
1873
1378
3538
1723
1217
3455
40
294
3505
1080
1864
4727
453
3133
4492
4374
2577
1000
3722
4328
2846
3542
3494
3019
2994
4637
4868
4720
4717
3252
1095
3639
4099
361
3782
3568
721
3138
2211
1335
2597
2516
3481
3660
3257
0
3640
682
3884
213
1245
2670
710
3622
197
3777
4927
4567
2571
4447
4473
2855
2332
917
4112
4426
4415
757
50
2483
1189
2186
4747
3929
2923
708
3627
3083
2313
3331
2226
2472
2522
3457
2545
4585
2114
2394
3005
1344
1384
1060
323
2375
4631
4741
4329
3415
2470
4541
1536
2087
3551
3385
4300
2387
1544
2507
2791
4884
3797
2109
4398
1906
1042
4600
3556
4200
3129
4438
479
4410
967
992
1821
3312
2373
2774
3674
3535
3621
3532
4318
2905
4335
4235
2922
447
384
4721
3429
4338
766
2745
1634
858
164
2196
3866
4586
1815
1232
4571
4322
4433
4369
3540
1426
3231
