2242
4049
2923
1471
4964
2783
2216
7
1782
4762
1779
658
1130
2476
2520
1279
2694
39
2603
2417
1058
617
4549
1111
1681
25
4725
2505
5462
2083
129
1730
523
2204
924
5353
1191
2835
2886
228
3885
509
1134
1901
2469
45
3803
3824
4381
2594
50
4959
293
1358
3324
4616
653
2114
133
309
5814
61
62
2348
5515
2651
2569
67
2626
4026
303
1848
3610
73
74
967
76
3888
343
2523
2760
1235
2795
3900
1942
1511
2607
3119
88
3562
375
3495
133
3280
94
111
1734
562
2783
2790
258
1099
102
2595
3354
716
3734
3954
723
299
4249
278
3667
2549
3405
115
5202
4597
2335
119
4596
121
925
33
3907
935
2385
1401
128
3826
1173
5033
3101
2121
134
4508
2941
1514
138
5976
3970
4061
4492
1873
1976
1290
3572
147
1013
2270
1873
2557
1978
1158
2871
506
3337
157
3121
2456
1613
4489
1301
880
2127
1299
5333
2899
3531
1886
1444
34
1838
393
5591
175
1233
586
1427
179
1708
3932
4245
2029
136
208
2638
5981
3226
1666
1480
1509
2989
1679
3116
3819
312
197
4041
3993
3439
3930
3975
3339
2854
1671
5412
4562
185
209
210
3522
3710
213
5892
3127
216
2280
3981
219
770
21
5048
223
2104
1030
35
2557
2957
2054
5784
1075
232
3660
3819
3476
1759
4648
238
2455
240
3078
1830
243
2338
1009
246
3310
2434
5934
250
5470
3751
5258
3831
255
1653
5007
2656
3703
2596
261
5461
4422
169
3040
3788
969
3006
3105
1707
271
1208
2324
274
275
2315
277
4236
3046
280
3770
114
1476
2226
285
1753
1989
3909
289
5235
3068
317
52
2736
580
2855
297
3598
3274
1365
2703
3860
303
715
1908
699
106
2085
5606
310
311
35
3713
2612
5797
2902
2745
4910
1393
2910
1048
407
457
587
1080
1591
79
5568
2604
3501
3353
4942
1751
2589
3128
117
269
3766
1887
2558
2232
1037
3320
2990
345
3453
682
3395
349
4559
351
1472
476
852
2217
2805
4257
597
3357
1180
2602
1139
3064
2917
1284
2202
323
921
855
109
433
746
373
374
3390
4031
4571
378
379
3717
5973
3966
2006
1763
3259
5469
3218
2826
2421
2252
1802
2411
393
5621
825
4082
855
1931
399
2376
370
844
403
3716
5173
2249
407
3686
4119
3405
565
412
413
786
653
416
4314
4298
2208
3356
2012
422
1484
966
5132
586
427
3108
3960
5620
4612
3239
1498
1134
2990
436
2386
3537
593
2970
4090
1232
443
2244
5628
2798
5874
2687
449
1431
2695
838
4608
768
455
3519
189
669
459
85
2268
4421
395
27
1709
466
4972
487
1534
1423
2545
5655
809
1492
837
353
477
5615
3180
628
2332
482
2894
484
4696
3694
487
5868
3218
905
5989
1023
4385
4752
5091
1940
4113
3074
1302
4048
21
2442
3427
1891
452
3407
507
1383
3618
3854
511
4580
2614
3415
3953
577
734
895
460
3228
521
522
1110
989
1609
5674
172
371
4037
1771
2108
5519
1615
4059
277
5105
2855
1113
903
909
3639
1039
2045
2620
3891
1737
3208
1424
2814
2537
2427
552
553
1038
5165
635
1197
1701
3001
3538
1388
5264
5944
564
2156
901
2431
2150
102
2916
1889
572
3809
8
1391
3523
4520
402
211
1841
581
582
1181
5109
600
2655
4317
1659
589
1090
2546
2973
593
3231
4281
4225
4969
1088
4342
3052
2183
3244
603
3520
2588
2729
1753
167
268
2540
1040
4466
2147
3373
2974
616
617
3470
1787
3723
5495
85
2872
2239
1757
4498
1410
628
1360
305
872
1592
633
654
635
636
694
638
3364
3744
5692
3931
142
644
2450
1818
647
981
4928
1721
651
652
917
3616
4557
5369
657
5712
1107
225
5332
1902
319
3940
294
5036
2975
5703
1726
2845
671
3357
3291
3833
911
5137
3059
5799
439
4139
4702
2398
670
3215
660
2453
1069
2296
4943
2274
691
2131
3563
1268
1145
1909
1316
698
1710
82
2269
2952
5466
704
3704
1760
831
3728
709
2404
711
712
713
3953
715
2337
315
718
1265
141
2640
722
2849
3587
70
2363
1995
1700
89
5759
4413
732
733
1170
5561
736
1244
2110
739
570
741
1247
3929
2366
3249
5368
1557
2267
3936
1525
2115
4266
3141
4529
1882
2088
757
2716
759
4138
112
762
289
2756
1740
60
4399
950
4558
1985
1248
3027
1457
774
2454
5042
5475
766
1924
5648
2468
782
783
5549
594
1357
5539
2413
4363
3426
4
2775
2693
794
3360
722
2562
1225
2237
2966
1610
222
3153
3853
1376
5406
2072
1911
3924
3020
811
3636
813
2380
987
1727
817
5338
819
735
1321
822
3589
824
825
2057
3733
3045
1240
1817
3400
1777
2997
4123
2067
1704
3545
4941
839
840
3229
4250
1775
223
845
4887
3688
1285
729
850
1712
2419
1229
213
710
656
3867
976
1059
87
4474
2844
2531
512
993
3463
721
2392
869
870
5062
5933
3736
205
1445
876
1855
907
3937
170
642
4625
3083
884
885
5389
1213
1380
795
2081
747
892
832
271
4602
2568
3135
2808
1296
3193
1451
3822
751
143
3502
906
1214
292
2230
5879
2135
5281
3928
2212
5009
2141
918
2337
724
95
5722
2988
1495
2261
245
5418
2150
4007
1150
3661
675
1244
1149
5014
1749
1156
3531
4851
3198
1211
122
3106
188
4175
1044
1859
3421
1482
4891
999
951
952
879
4828
1148
4437
1337
2344
2686
2209
3207
962
2332
1071
3187
5381
485
968
292
1095
2704
2722
1663
2593
1891
1927
4690
5617
2050
927
991
5352
1514
4015
2078
986
815
1997
556
3899
458
992
1258
994
5829
4217
3989
4876
28
2352
1001
5052
372
5214
5355
1081
1007
4376
2737
833
4400
5485
1061
2600
313
5694
2935
1018
3834
2004
3034
590
1011
1271
1954
2418
1242
1028
3223
2102
977
237
2100
2733
1457
4575
1856
3240
3663
843
684
2018
1043
3332
1045
1046
5121
1181
2897
1050
1660
5221
468
3098
1842
750
5936
2884
96
5563
538
3768
5335
1064
2146
4836
13
1454
1390
1070
643
3070
4001
1533
2133
5600
1012
1168
2779
1464
2506
2490
649
863
2422
1086
5854
2526
1770
1090
1051
1092
1093
3986
3543
18
4975
3457
4153
708
3688
3632
2192
2866
1105
1106
5300
2657
2166
1827
1820
2209
4163
807
1404
4593
1836
1106
752
1120
5952
1333
503
5746
1158
3188
2292
2069
4773
2144
2538
1132
1133
5306
4475
2126
3791
1138
2357
1003
4817
882
2211
1144
634
1146
1147
5396
1545
5631
3533
2735
4673
3576
99
2664
2371
3681
2487
3264
1161
1697
405
1985
2526
1015
2018
4583
5828
3553
5927
1559
1217
1174
345
2729
3418
1917
970
2500
5413
3098
5307
3478
2519
2161
552
234
2244
1453
36
1790
2905
3687
3399
1196
2529
3387
4524
5486
1201
187
5815
460
1634
1179
1767
1702
963
1483
2146
2530
1144
897
3054
1216
3326
1218
4784
294
5145
3971
907
1357
3584
1221
5577
1228
1229
392
1231
1129
1417
4652
1235
1861
2213
3392
3308
1240
2175
1620
40
684
239
5599
1247
2711
3328
450
4623
1125
111
2447
1857
1256
1516
2879
1528
912
101
160
4889
2693
3496
3811
4637
1672
1269
5011
5501
2619
2267
5821
869
838
5871
5757
5990
3994
938
459
473
1284
2698
3680
726
4304
1773
4909
3565
2764
3315
5199
2752
1407
3038
944
152
4214
5257
1010
297
3133
173
3388
920
2556
1309
229
5099
3084
3194
901
3824
990
5057
4799
1162
5445
5629
546
3998
5390
1325
2860
2793
1328
3833
5932
2829
801
5239
4086
3869
3360
4924
1932
1442
4340
2295
2643
1466
2916
4111
1346
523
3232
3386
1350
411
3878
1353
5171
3085
1943
1485
3334
4916
1402
1361
3902
742
3963
2741
1366
1367
4951
3845
1851
2073
5327
2207
4540
488
3282
2034
384
1270
1541
5142
3623
1383
793
1385
527
1387
1854
3404
1390
2446
2219
3917
3765
547
2252
2875
4766
2841
2230
1529
1379
1403
3846
1333
1503
854
677
1409
1451
3377
224
1413
1967
2214
1416
1880
1418
247
4556
2124
4747
3880
1322
2232
5595
195
3217
1429
1430
1431
1432
3289
357
5201
1436
1375
3957
2179
943
3484
1442
2597
41
1445
5309
3840
1042
1081
1732
97
5488
1664
4671
1677
3156
3175
893
3841
1795
3747
2555
667
1500
1465
5262
4428
1468
3459
3548
846
798
1194
1474
4890
1114
603
139
1479
4871
1059
1482
937
672
2004
5565
2250
513
3967
1490
125
2654
5379
3221
3293
1422
1141
1829
1499
72
2167
3599
3622
2759
4684
524
737
1968
2318
3406
347
3091
4584
5096
4554
3645
2364
110
2039
4008
1521
2235
3062
235
1512
216
1863
3569
234
4881
1182
2685
2837
1810
2593
4401
1868
3788
1539
155
5835
3655
1031
1297
2901
3482
2727
3251
748
2112
3532
419
1553
3143
2555
193
1494
1728
2737
3621
1561
1562
3936
588
1565
1319
5403
2515
505
2405
3961
2661
1573
602
3318
1715
1577
1578
1622
1644
520
3911
1846
2884
3944
725
1456
248
3438
2981
1591
1197
3665
918
5656
1596
3549
5860
2009
1411
3727
1714
1603
2829
1053
882
267
1608
2211
2465
1611
3877
29
3620
4337
3582
222
207
1619
1415
91
2031
4563
3974
1358
1629
1627
375
3166
1531
5960
4729
1633
3518
1830
2775
399
1400
2358
3039
1776
1816
1155
2169
1645
849
5554
342
2913
630
3068
5963
4753
3554
1675
774
1513
1586
4383
524
3177
4190
973
1190
1665
2128
2322
3879
3319
4071
5781
4813
4320
1674
1562
5545
2176
1766
799
1680
533
3123
2373
2486
3444
1686
1505
1963
252
1831
1849
5213
2919
5144
3749
1226
3758
820
2389
2993
5045
38
1253
2330
1300
1232
1925
3435
2210
3092
1256
1712
4355
5079
3685
2125
904
1718
3587
3643
5996
1799
5187
3567
1545
1848
894
3624
1318
5084
1877
105
3182
3674
1607
4327
3725
3975
4452
3230
5572
4021
30
1154
4761
4536
732
1748
2876
926
2040
681
4404
1035
1755
4387
34
1295
1759
2323
1761
620
5029
2946
1123
2027
1082
3996
2154
3961
1291
2262
1108
1774
2744
2824
1055
3269
5082
785
2558
1630
3335
332
2612
281
1226
5120
5661
3656
1791
1792
5276
4856
5760
1169
726
1650
2898
1594
1801
1802
654
1063
827
5150
5756
1808
2767
2951
1811
2621
2214
3103
3880
3121
2611
142
928
655
2501
4339
1823
431
2139
583
4143
3047
3189
2631
1056
93
4834
516
1835
5919
2576
3932
1372
3528
1973
1842
818
2361
2157
3585
3869
3860
299
1850
2712
3080
3834
2387
877
614
867
554
5323
1254
1632
1862
135
5924
3057
3865
1683
2956
2525
1107
1961
1740
908
5284
4840
818
537
3312
5093
1568
261
1003
5855
3909
3784
4391
3797
2645
1854
1750
2471
3701
5818
1088
1153
5729
2732
1527
2941
1957
4118
5473
3178
1904
1905
1906
2691
5986
2132
1565
3448
1758
1548
220
640
5918
3572
2574
3474
2052
1703
5424
2660
571
2062
136
43
3022
1865
5772
154
2171
1987
3949
1935
2263
4374
5188
1327
1783
3898
160
2283
2597
1915
1108
1886
543
1949
1303
3534
1902
3512
1840
2114
1501
3749
3738
2933
1679
5196
3450
3046
1964
4469
5776
1117
1968
2501
2758
3720
2163
2524
443
3870
198
3017
558
3846
3715
3858
3598
3385
1984
5678
1986
4895
1071
516
5154
1991
3622
525
3628
738
1996
3797
842
1668
3906
3081
2359
3821
707
5219
3065
4292
3611
1599
1449
281
2012
3237
3660
3715
2385
3102
1316
645
2020
1306
3464
1352
2636
3813
3750
1215
2493
5689
705
2672
2532
3629
3080
539
472
5115
796
2702
3773
2339
2554
241
790
3214
5217
2047
2394
1323
2953
3457
714
2206
1118
179
3693
2057
3330
1198
1696
935
5207
1017
5687
4308
2463
2671
2353
3329
4299
1807
491
1369
3796
4835
3376
1860
2078
813
2728
668
4058
2083
270
5668
5954
390
3813
2287
2645
4294
3099
1657
1885
2095
1292
3850
3010
4084
4468
601
1481
2103
337
1508
2706
1639
1913
3678
2560
607
3271
805
4666
4984
3713
2117
4325
2119
366
2960
144
2123
4328
3727
5169
5194
5074
2129
2130
5997
22
1978
4772
1888
2136
1803
3836
576
1805
916
4101
5135
140
420
5991
2985
3764
3284
2912
2838
4388
1804
2915
4263
1130
2449
5613
5414
1597
1997
3753
457
2164
2258
539
4670
2977
182
3076
5598
859
4361
2806
1386
4392
1312
145
78
4463
1969
1779
5774
60
746
510
1136
2188
2189
3912
1024
2334
2193
1812
2195
2196
2636
1375
4321
1049
158
5876
4605
3690
2205
4723
1452
3579
2646
960
153
462
900
591
2215
4839
5893
5843
547
1953
1151
2222
3086
1416
2932
3009
479
2228
1490
5037
125
28
5373
2234
1103
3734
1533
717
624
4860
3671
2173
1183
2275
3175
2246
3201
573
5669
3958
692
2379
951
1797
4480
2976
2257
2723
2259
3513
4764
3147
3260
568
2571
4306
1335
5716
2480
5193
2271
2553
423
690
3287
2276
2671
2278
1544
2786
5191
1570
5670
3431
346
3565
5739
2288
1056
862
3839
721
476
2817
5019
580
5020
1218
44
4465
1096
5958
2303
5499
2305
5939
600
201
4802
4427
5249
3075
5968
422
1958
2861
3153
1475
3449
2320
2099
1667
1991
1485
2006
5277
3569
113
2329
3767
912
3062
772
3317
827
1865
2236
2307
5552
5357
1839
2979
1937
2914
2345
2346
2347
919
385
4647
1538
3855
750
2354
3779
91
1693
3024
4283
5780
3013
3586
2107
614
1051
2366
5442
130
626
550
335
1378
4158
2035
3295
3222
3545
1363
2749
3416
1304
5280
3560
1762
1211
4590
190
4700
1053
4072
3808
5711
1694
4078
3309
2686
5351
187
4024
4585
2542
1938
2535
1454
5465
651
30
655
2409
3011
761
2412
1772
108
2415
365
5550
64
5902
4456
585
4188
2423
1486
8
5
4032
1143
2780
166
2053
2309
92
270
804
992
2509
2712
2862
4994
2441
5236
3140
31
2445
2336
330
1238
2779
2450
996
624
338
1876
5345
2875
2457
2458
2746
699
2461
3292
1661
2939
249
3342
2272
2149
44
3096
1223
2629
2473
1311
1537
1243
2182
5133
2479
5913
5026
5995
5237
1438
4318
982
5234
2488
4509
2998
3731
5906
2428
2669
2495
1124
3571
883
2570
1282
2101
895
3139
2577
124
3802
2603
2905
3321
5481
2601
2839
378
2210
320
689
1133
2657
5179
679
1774
2522
3169
2637
1869
3432
5614
2611
2529
1711
3581
2390
3342
2534
3236
3210
267
4010
4229
432
717
3297
90
263
3459
3123
946
2548
5455
5372
4440
1310
5904
2187
1236
512
5962
4023
5282
5073
1907
1173
5254
3957
3775
3380
3592
841
3837
1275
3758
3419
4918
3876
2575
3831
4795
1655
1266
2580
4092
3760
2583
217
495
1658
4728
1259
3947
2590
1950
3162
1101
1962
4064
1370
320
2227
1900
2600
3854
565
2317
2690
5575
678
1521
4695
2480
1064
2676
120
2488
2769
1100
5771
2559
2618
2662
285
2103
3835
1519
2403
2625
902
5113
3279
2629
1310
3673
2632
3792
2847
5559
2074
619
338
2639
1339
1217
4293
1863
1152
304
3499
3938
979
3338
3456
2651
5994
4453
910
4258
777
3042
2658
5822
5283
4534
5402
3257
2664
677
4287
446
945
5912
2670
1899
3184
2731
1723
4091
4341
756
3044
1136
474
5785
3859
4902
2740
1717
3835
1705
2843
2689
359
283
2459
2566
2804
3844
4310
1315
4220
808
2700
3185
3554
1684
1219
2238
1446
100
1424
442
2256
2283
3757
2467
2063
3212
5787
2717
4278
2847
4968
3455
4441
5602
3786
2725
1215
1923
551
3761
569
4885
3891
2086
2174
3698
1220
1272
2048
2739
3566
1606
4105
754
1799
618
2512
1711
3939
3602
1493
2802
1676
5570
2397
1079
1535
3601
595
4967
4025
2761
4733
2763
2762
3044
2766
687
1729
2747
2770
2801
2302
3312
2459
3901
2776
2815
2778
1079
3116
1298
204
2248
973
2785
358
3040
1811
3103
3294
2791
3539
933
5255
1124
3490
1822
2021
1581
3647
938
2777
1754
2804
2075
972
3778
5452
2809
2810
3769
2812
2813
2814
29
3173
810
2818
2303
1749
448
4622
1152
1960
4270
5520
1387
2828
1131
2830
2831
2832
4156
1552
4807
108
1074
3618
2984
1413
3238
1085
2843
1257
5410
4986
5274
2848
5038
2850
4568
2953
1872
1893
3311
2856
1488
2858
1104
1326
3242
1608
1322
2528
1175
3029
3017
636
3280
578
3155
3705
2873
1054
670
4973
2877
250
1557
3190
2598
5504
1788
2543
2885
1520
2204
3544
2889
1843
2575
1672
1970
4369
3743
355
2897
3215
3091
1073
1093
5437
548
1520
5164
515
3732
1435
2909
1395
2911
212
615
5887
150
3862
5311
1270
1063
1469
1829
1551
2923
3154
115
3030
1708
2928
2840
2703
2126
1739
4745
1696
1035
2936
22
77
5460
1950
5176
2942
948
4819
322
819
2563
478
2949
2950
2592
3529
2313
194
2955
4044
37
4157
5065
1604
3952
4883
3842
4710
3491
800
3125
2968
1746
2949
1506
3245
2346
3109
3347
2561
3071
2978
5864
2980
3441
3506
2983
1230
3381
1643
180
2892
296
206
5885
2050
2048
772
2995
4187
943
1221
5334
3581
3001
3002
885
233
1837
3802
3228
2093
3009
3010
1583
3012
1094
3014
2225
4221
1261
5384
3019
1117
4150
631
3990
4450
494
619
3754
4705
2374
1468
5677
2934
178
2895
3743
1439
2958
5618
4335
812
1651
4803
3414
2831
3045
163
1828
1263
3049
191
3232
2013
1433
1274
1271
5162
3668
3475
1867
3060
4633
4708
3859
3286
2716
3066
5683
2481
2692
3709
5127
3072
872
3074
1497
1504
3732
3078
4272
1006
1463
3082
5088
1895
3798
3986
1465
3088
3089
3090
4815
608
1494
3094
3095
4357
3097
5959
1294
1487
5022
4601
4398
2739
1151
5657
226
26
1378
4950
626
848
2592
847
3115
737
2174
2867
3763
4827
2052
81
4589
258
5737
2624
5261
939
2771
1099
3131
3296
4419
5449
4085
3136
3349
2460
612
1205
319
4382
4036
3144
2427
3146
1354
1112
2226
4837
3102
1735
2040
859
2584
39
3179
739
5031
3160
1530
3134
615
5793
3165
590
2910
2851
696
3372
1118
1656
47
2885
2245
2824
2286
431
1943
195
2472
4866
3183
1692
5857
3186
844
2408
778
1719
184
2327
3193
2709
2462
3196
700
659
5097
3200
5378
1966
1979
1034
184
2987
447
3293
3561
659
2576
608
3050
5468
5551
3466
4011
3791
3949
5108
2391
3204
3575
2530
362
3150
3425
3668
3890
1034
594
5725
3573
2714
280
1325
2806
5226
432
3240
791
643
312
1833
1540
763
3247
3248
3541
3250
2106
1714
1404
3254
3550
3256
1642
3301
4393
5752
3538
3262
3436
2563
1423
758
3267
4462
2265
2436
3721
3255
2524
1212
1345
559
1363
3721
5303
2483
1841
4228
4934
3104
3515
868
637
2757
3289
425
4198
3844
1295
3294
2375
2172
3237
3595
3299
2138
4872
5569
2552
3304
5985
373
63
2100
1407
1646
1523
1878
3209
381
3300
2191
3317
4911
1555
625
3795
1916
2634
3649
3325
3701
2546
1981
3746
703
1780
2380
925
2037
3733
3336
903
3574
2162
2415
1371
3591
1140
1381
2065
4991
3347
2410
3349
3921
4946
4793
3558
3472
3355
3206
3489
4811
1561
501
3820
279
1695
5956
380
1216
3640
1496
535
625
1021
3372
3373
475
2333
3376
5738
3378
2033
1795
1083
4045
2958
78
2621
1785
1392
5008
326
3390
3391
2444
4459
4776
697
4167
4613
1399
3399
296
3401
2750
493
3404
2354
1862
1560
4420
3981
5626
1207
3412
230
3414
3415
5633
3417
3192
3419
3032
2208
2144
5329
790
2615
974
3427
3428
2943
86
1649
3577
331
2019
711
4444
2753
1939
3439
1977
75
2564
1161
1685
1171
4919
3447
3647
2803
4012
4892
2574
4507
1030
162
2198
2025
596
2816
3460
4295
5228
5374
4859
1418
2866
2960
324
2296
1641
4332
2314
107
1406
381
4360
3477
5971
1237
178
3845
2607
5350
2678
3827
779
386
1810
3696
3397
691
4609
911
3494
3583
5541
1029
2255
453
3500
390
2812
4847
1392
3505
1377
3451
2141
3509
685
3511
978
1677
1892
1972
3881
3517
3493
456
4604
2264
4993
5654
710
3525
4822
2085
5056
1479
3530
137
3857
3533
4759
3535
4955
831
3600
766
3540
19
3542
3543
3504
3233
5059
4343
1470
3774
2064
2002
5562
2548
4482
2328
3556
3557
3351
1953
559
1020
3562
738
3600
132
4957
740
4446
574
3570
899
5553
1062
4022
611
1318
3101
1143
3579
2673
1109
2972
3583
1028
2333
3460
2160
3588
2027
2826
3253
301
1898
3594
1188
981
2931
3988
3599
3664
84
5810
3382
462
1314
1410
3607
3165
3609
3067
3038
3601
2264
5141
5819
2586
1405
3445
2653
3858
3621
3234
2731
5085
2673
3661
5404
664
5136
3630
1388
5767
3633
680
5946
3636
1203
513
4651
2113
3641
3642
472
4654
3645
2185
3695
4093
4130
3875
3651
3652
2832
418
2325
2119
5260
3658
4050
5536
1761
5071
2891
3511
5112
3666
2615
1725
4215
4443
3671
606
5198
3851
3271
2707
5247
2509
2080
3626
3681
773
3352
326
745
1283
1007
3246
3689
5935
3691
1224
3693
4832
4543
3631
1354
1148
3699
5106
2940
4756
4913
3311
1422
3706
2816
3679
1324
3764
3060
4471
2321
3973
5507
3054
3717
823
3381
3821
3013
3456
3723
3724
3725
1763
2060
980
1584
1530
2023
1670
1237
2661
3974
676
3737
1517
3739
3260
4140
3742
2429
3785
3745
3330
5433
538
3413
1852
2851
4703
1858
15
1185
3756
3923
5509
3073
2879
4089
3631
3763
186
3773
1817
1135
5177
2963
2605
3683
2945
3765
2978
1236
5035
3777
787
3219
3780
2010
1157
1417
2914
3275
2254
1752
2896
3789
957
958
671
4501
5190
1460
3672
4194
3085
3023
5294
2944
4868
2390
954
3805
3069
396
4464
2724
3810
306
188
2088
2297
1122
2980
4541
5938
1320
325
3559
1760
3823
3133
4243
3826
3827
5778
870
5287
1758
3769
2836
929
1560
3984
66
2223
3839
3840
4069
5698
3741
2127
1077
1683
3847
3804
5762
5862
2680
1471
1377
5391
1647
382
3532
5533
1426
2317
2765
352
707
4531
2375
3866
3589
3868
1933
2900
3348
3872
1559
1595
255
2549
3877
4873
3879
718
3368
3882
4172
1556
3783
4925
5917
2401
2872
5706
2922
5205
566
3363
1187
1008
3897
3898
1186
1005
3946
3902
1347
3574
3905
3510
1944
3908
2989
3910
3911
5286
1918
4329
3915
2569
4280
1989
675
3920
3633
3922
4966
4513
1585
3926
1241
3928
1576
2663
1023
276
2059
3934
1653
120
3041
3938
3177
3933
3454
5458
408
3014
4930
3830
421
3948
1881
2635
2105
3952
2668
4778
3955
598
1165
826
3669
3384
842
1469
3139
5685
702
1239
3816
2790
3969
858
2014
3972
1722
2316
1355
3976
3977
3081
1715
5527
4106
1025
3983
2278
1556
3086
959
3988
3871
5114
4841
3992
135
3853
3995
856
3997
1589
3999
4582
3665
2
247
3435
4395
4003
7
2016
2068
3498
3055
12
1699
420
1793
5630
17
945
3322
3245
1476
824
23
24
25
26
3903
2377
4749
2138
2279
32
3896
1987
3563
36
1689
1787
4552
2220
126
3489
5992
599
3615
2616
2287
2494
49
356
51
2056
53
54
1738
4234
307
58
2343
1122
2335
2492
3783
2315
1210
66
2128
3479
1895
2999
620
72
5742
5525
75
1665
5182
5046
80
4020
81
5421
1654
84
2448
1076
4823
1401
2742
1884
3128
2433
5571
94
1068
3968
3109
2874
99
5240
356
1052
2491
5347
1847
106
5734
2836
109
3194
2076
3238
2240
3843
2796
900
3806
3448
2908
239
121
4389
3344
3440
991
437
2466
2022
2684
2402
2369
1038
1690
288
2582
2396
937
2242
4273
3578
203
3570
3436
4682
23
146
2089
148
3982
3965
1199
3305
1096
192
5336
688
1575
408
159
3446
161
514
2680
164
5745
792
5999
3527
4367
664
171
2468
1636
1535
2189
3375
2794
5117
5882
724
16
3535
3129
1329
503
4739
5271
151
5566
2097
2424
370
1044
987
2094
4812
3843
1976
3650
1673
1979
1296
340
204
4200
5842
3453
3612
1945
952
3682
15
5623
3205
215
3755
192
218
752
1006
1858
5754
4785
3248
537
226
762
228
3617
230
3148
3708
3698
5510
3828
555
5180
238
749
2674
898
504
2376
5585
309
246
1061
781
2918
3803
5168
1689
5341
2247
3490
3968
257
2552
4694
631
177
5870
2024
3931
5160
1139
3478
3363
1631
2622
1866
237
273
800
4755
276
1294
3344
3751
3235
2165
364
5434
284
3748
2973
287
2170
376
529
3652
2218
3848
665
2732
2478
1303
2991
3052
1928
2399
2560
2807
1969
305
3365
307
3767
1021
1637
926
4104
2173
1097
5041
894
5272
2927
1844
1768
5299
4737
948
3506
1224
3684
5269
328
329
5560
1067
1299
865
4035
2681
336
337
110
3700
4165
5297
4034
2171
796
1822
4491
1511
2649
349
350
351
2822
2282
2784
2430
244
357
1772
2710
5853
1018
1818
1138
1394
3644
3892
3157
317
550
2118
4888
3674
3719
119
1272
3071
1819
2513
1813
1340
1892
1487
4098
5730
2123
203
387
388
2054
866
2570
347
3179
3361
5782
4390
4267
4
2033
3790
5888
402
3119
2821
5636
3389
1014
1882
566
542
40
172
2115
1142
415
1899
2234
2974
419
814
5809
775
1456
5464
5804
470
5792
714
4530
1330
949
2791
4546
180
225
2689
3814
4586
207
744
830
107
3458
2726
3526
4103
3626
1705
1052
2304
451
2251
2265
672
2527
456
965
197
3204
1204
3529
2483
463
5233
3708
43
4731
468
998
465
471
2788
2090
1200
4432
5505
477
1245
3817
480
481
874
4783
3199
2484
2579
2642
955
2577
5232
1819
492
4655
5873
5443
2906
2870
498
499
3675
1611
2167
1567
353
2224
3801
3706
1621
1474
464
2009
5681
1889
1293
2443
1368
3168
518
1412
520
1338
4577
2842
401
1498
3638
2017
775
3654
2452
3605
692
3625
3979
2975
3148
3236
467
1806
540
4750
3423
1019
355
5050
2692
3379
548
1209
2370
3322
5245
5343
400
3683
1020
4805
558
4274
5728
1067
2378
4438
4240
2833
1492
567
568
4423
71
4338
3327
573
389
2789
584
1814
435
3530
4751
581
709
242
5948
1920
177
587
5676
3694
3130
316
648
2165
1827
398
5268
1800
3383
4472
3418
401
3334
2447
4607
2554
966
1412
3212
609
1205
5945
2696
3542
2149
2200
5315
322
4033
2679
1558
181
622
1857
1699
4346
1440
4631
2349
4870
5714
554
995
633
209
3551
1135
3864
638
1586
5393
5183
2572
118
4830
191
251
1981
2759
1986
1875
3401
652
4843
1803
4826
5423
2797
1222
3467
2700
2216
4212
530
974
665
1171
436
4262
2309
341
2515
5090
817
1302
3999
3800
2665
2418
3550
3978
681
874
683
1145
2311
3321
2535
803
875
1267
5118
3096
4447
1115
265
980
68
2799
1278
2444
701
5293
2391
3606
705
706
3828
708
3619
4588
1974
1068
5508
1720
5487
4727
3182
2584
1688
5578
542
1268
3883
394
3345
392
4431
728
1273
3754
3884
1747
4129
873
1458
736
1507
5185
3056
2887
741
3678
4821
5736
1992
1073
747
2237
5624
2353
376
73
4765
3295
5775
623
757
2653
3304
3340
2191
1595
5840
764
4721
2393
5763
454
286
1956
1095
1866
730
4290
2066
5679
578
1298
3486
243
3036
782
2722
1274
1539
425
4979
5069
789
3413
791
3588
2768
771
1828
104
1832
1116
1032
1566
1439
613
4166
5382
1285
1025
2820
3422
3290
3703
808
3007
1344
5459
1515
3746
1002
1897
5312
3497
3400
822
3676
1210
5915
3216
3359
828
2311
2734
3729
3022
4525
1903
2469
3024
3082
1510
112
1764
327
2142
3494
3966
4691
846
5690
9
2587
605
361
4953
3976
2008
397
98
3950
5244
4135
860
5055
386
1281
864
4265
3369
2092
2194
2605
5856
4893
4503
5909
2656
851
784
988
4177
953
871
881
3517
1938
913
1350
843
1292
888
3702
366
3740
2638
1936
946
1341
896
2997
2904
1359
2862
836
1434
5605
3465
1894
2860
1220
1102
2448
910
2959
575
913
3524
2412
2159
4477
3122
919
1297
3152
2121
4055
1312
1393
5961
64
1305
5078
2811
2042
932
1526
3327
4470
936
4208
5044
939
940
941
5143
1398
2861
5534
1446
947
4912
2627
950
3331
807
2839
3134
955
58
585
2479
4970
2326
2184
1087
1287
2351
853
1996
302
492
588
3403
4097
2920
2784
647
975
3279
5043
3189
1910
5526
1674
3913
983
984
1185
3595
4169
3507
233
536
1300
616
857
5252
4006
2451
2883
1983
826
804
2255
4662
1428
1004
1656
1781
5308
3904
5139
499
716
1012
3720
1014
1673
3724
2350
786
4548
4110
1060
3603
988
3469
3781
4052
4173
1910
1939
2713
1932
1032
1065
2196
2920
1036
482
4976
5812
733
2086
1042
1043
1629
909
17
5012
3276
1473
3199
1411
592
3672
1942
2000
1831
2566
1167
3297
5641
5645
5650
3302
1434
2962
2966
358
4619
795
193
3951
145
3969
149
2305
3690
1532
4825
839
644
5491
2550
765
934
1085
415
1307
598
3267
1037
3210
2261
1809
5664
138
3927
2319
1960
1376
5660
2284
1486
2858
1104
2227
5496
1355
1813
1222
4758
1111
1425
2032
1549
694
1341
1727
3793
3318
4368
1349
3815
3149
2633
1125
3117
1127
1400
3592
3675
814
2058
2517
2682
3677
2637
3483
3539
1572
1415
2506
4149
5532
2137
3978
3150
2606
2251
4533
1650
256
841
1127
1154
1155
1837
3095
2299
1731
1160
1956
5081
3065
354
1000
3935
4362
4184
1047
4330
5489
510
570
1174
124
3254
613
127
5289
3111
1048
1182
5001
5124
2679
2474
1801
3472
3159
1480
3492
1659
1193
1194
1195
1089
797
2180
3597
1356
3063
5224
4567
1204
5463
1206
686
5016
1209
2813
1551
2253
604
1338
5401
3366
1812
4960
3924
10
2880
3053
3235
1252
1588
2771
4627
1368
367
3488
5159
2853
2708
2007
2367
5524
235
2701
333
2951
1695
278
3770
5625
1940
1246
3742
2270
1249
1250
1251
1693
4510
301
5865
3411
780
1258
1207
2948
914
1532
1775
5928
1265
4027
1267
2837
2378
165
2148
4079
3190
3466
3042
421
2229
964
1279
97
2588
2186
3812
3659
3031
1286
2406
1815
2477
1290
4796
4701
1785
2718
1137
4497
2667
249
388
5398
3555
3049
702
489
1282
1259
418
1308
3467
2061
3772
2177
3731
2823
371
2900
2639
5546
632
1320
4478
1187
1669
51
2613
875
318
1328
2069
4216
3370
1716
3644
829
976
2658
3534
2298
1339
1592
2753
1004
1343
2207
3345
1346
961
2544
1574
6
1351
1948
2155
3697
1789
3613
3142
2781
1919
866
5817
3584
3991
3167
1365
784
1105
3958
1504
5152
551
3487
2724
2334
2670
2457
4717
1200
1336
2382
5644
1382
4377
211
2556
286
2827
1089
502
4982
3629
5983
5697
1804
4754
199
809
687
3398
1655
88
1250
1262
3684
260
1925
1180
1408
57
2880
383
1627
2098
1175
2632
4566
2279
517
5103
1582
1421
3367
5430
4660
437
1426
2697
2852
2536
2808
3523
5170
384
3144
666
799
1437
3018
248
5034
2599
2151
1443
2134
2199
2640
360
4242
5581
3889
3730
3089
1453
5116
1455
5195
4442
1458
1459
2763
3315
3242
2181
1281
3687
1308
1467
540
589
10
2110
1472
5140
341
1742
283
1477
1478
3151
3209
1481
323
1349
2810
2663
645
1888
5881
3810
563
5409
5399
5719
5192
3594
3151
1497
1513
5163
1500
2352
1000
1503
3829
328
2971
1041
1512
2669
168
4621
4532
2395
2682
4430
2844
776
1518
3897
2075
59
3883
1419
4297
2776
4630
1527
2699
3805
1962
1531
5032
3252
2026
3298
5889
2929
1538
4051
4780
2786
2691
4253
3918
146
2610
1547
1606
5292
1550
385
2719
3922
1554
4009
3916
2402
1970
1001
622
759
2441
5314
1564
1
1203
5766
1880
1569
2084
1571
2161
1573
131
3497
2589
5979
2926
148
4512
1722
1546
2331
5897
5969
2748
996
4237
3258
5758
1794
1094
5419
1550
1307
2947
3939
871
3362
5513
1601
5930
2870
4801
2178
282
4189
5779
2463
2743
458
2865
564
3
848
4132
2649
3114
1642
3903
4121
2080
5659
86
1625
3638
2260
1027
1332
574
832
2306
1633
1634
1635
648
2162
2166
1733
429
3470
583
4901
1082
5480
404
3855
1648
1649
1798
1651
161
4897
2095
2794
2623
561
1658
2883
2539
3577
3328
411
2422
76
3849
1343
245
1097
947
609
1115
200
2797
1515
1676
3513
876
441
4371
1039
3331
339
1684
1516
1686
1687
1248
3521
4961
1691
4875
4573
1621
1241
545
5273
2235
3972
1700
1762
5518
1100
2233
3172
1706
5612
2927
1289
3073
2747
3173
1419
3735
5596
1716
486
3787
2508
4504
650
2919
2903
2452
3468
1726
302
1783
793
1887
1626
1732
1733
3163
1119
2156
494
2888
5316
5705
3772
1517
3203
1744
1745
2969
1747
454
2820
4417
1751
1752
536
1206
139
3553
1091
1569
4617
706
3653
2015
1394
3195
1765
1766
889
1519
291
1770
3663
2550
498
881
272
1776
83
1778
2160
1666
220
4070
3728
3774
38
1033
1266
3548
4108
1029
5807
3069
5394
5540
1999
1885
3887
1086
1618
4095
2867
350
4241
5665
2140
4261
2908
2053
3015
630
1988
2484
1821
1443
5558
4238
830
2466
491
1664
1367
592
5667
5275
3739
3006
4990
3748
2066
483
2256
1648
1163
1834
2893
5066
3305
657
2774
464
4734
1055
2939
663
3985
1583
116
3614
1164
1163
3369
2341
1853
3353
96
62
1793
2538
3518
3857
2439
954
2755
227
2152
788
546
534
789
861
5130
4874
2324
1874
3348
5067
1877
1878
330
379
3378
2239
3283
2532
1796
2921
253
2316
4484
4356
4204
2034
95
1260
2273
5318
5548
2158
395
4260
1901
3561
690
1904
3989
1460
2373
5884
1909
2064
1911
5331
888
1242
2248
3067
944
3314
174
2185
816
579
835
2642
1252
1926
1306
1928
5156
517
5663
202
1933
2388
1935
3070
2325
1616
4407
519
1845
1277
3358
150
3302
2043
1555
2650
2416
4164
4569
3025
4528
5225
2285
3540
1919
5749
1959
3385
5024
272
1522
563
1501
3608
1967
704
5673
1832
1971
428
287
2674
1975
3807
3162
1580
4699
1980
2153
1982
802
509
1293
4203
2964
3452
1846
5428
2323
3818
1993
1914
1373
4643
1835
3918
5580
5017
2062
2002
2003
2435
2005
1264
2168
1670
2516
821
5000
1396
1572
2014
755
144
2059
3152
1624
3323
4808
2690
5901
2024
4706
1228
3945
2028
1381
2477
2117
3291
641
2383
4352
5858
2087
1254
4499
4952
1348
2684
4711
3740
417
4514
5640
3480
2015
1844
500
2154
4000
862
2055
2056
1459
2058
5747
2060
2061
2294
2202
3253
463
1496
2819
5977
3991
2070
2071
2072
2702
5146
3867
4282
1881
985
2793
3942
3261
5708
3389
1483
639
2740
2087
1440
2044
3866
3689
1980
3796
3818
129
4792
2097
2037
887
3546
3580
1954
658
4077
1327
1922
2107
5830
2109
2077
607
4989
2475
2417
2952
4231
3202
2118
5094
3780
4013
2122
315
1729
534
4366
1170
3714
2129
1552
2647
5212
4359
3211
1331
1930
3409
3646
2139
380
3639
2142
1329
2079
101
1262
2500
2148
2236
1317
4564
2152
3227
3848
1553
4490
57
1638
2882
2001
1352
4179
1944
257
334
4683
1177
4814
3058
2170
2765
560
2272
1190
1898
1671
4645
860
3841
1287
1694
2030
2183
2184
1920
2368
1502
469
3440
2190
5824
2863
3356
2194
4661
5647
2197
2882
1797
4460
2604
2435
2203
2869
1952
2241
2901
2834
1526
1905
989
3962
934
1403
2096
661
2567
4334
5023
1600
2221
1566
840
3397
2225
1765
3333
2228
3374
930
5431
1912
2233
352
3340
5203
2907
1584
679
2240
3004
2646
1140
5366
2245
2490
532
2423
2249
2520
2745
4222
1685
3566
2426
291
3021
1463
2259
4213
469
2262
2263
3934
2438
414
3433
3895
5921
544
3343
1929
3524
2274
2275
1542
5098
2895
700
2219
2281
4517
3355
2284
2721
4436
2625
2288
5869
3032
1598
1630
3184
1929
2553
1450
2246
535
1952
3168
695
1334
3862
2677
2892
2347
3198
1132
769
93
2299
3171
4937
3505
3873
2518
1283
2318
2540
2320
1015
2322
902
1432
1429
1362
2573
4903
236
2330
2541
5270
2582
1602
2571
127
627
1433
1646
2340
4364
3164
1356
2628
5849
5696
5453
3127
867
2221
1955
2641
1628
2937
274
2356
2994
279
42
2360
2099
2362
2363
143
304
242
2109
854
2369
2370
2909
2243
3624
2749
3410
3461
2815
2430
3443
4915
1746
3252
2383
2384
0
2986
668
4679
4386
473
1462
3673
2825
2394
1549
1072
2754
889
1839
3919
769
227
2403
3906
2405
1771
922
1336
5899
1567
2396
3408
5557
798
3020
4351
5632
5153
1288
3664
3154
719
959
1930
2425
2426
5429
3801
4768
5181
1536
2601
2177
961
2486
878
5751
3462
2293
582
2809
5951
1045
4028
2528
1128
4107
3258
1579
4128
3814
3868
3061
2904
5131
159
4740
2458
3110
979
5713
2762
4500
2464
1581
3429
3507
1362
2687
2470
2471
1058
1448
210
4145
3514
1537
2197
5583
2748
3066
2572
2017
861
3220
175
2487
2365
2850
295
2491
2586
1172
2474
2967
2496
2497
2498
3387
5675
2968
190
2503
3272
4863
4239
3039
1273
475
259
2511
916
2273
1078
1112
16
2517
2518
2361
5054
2521
4040
2523
3273
3722
678
3475
3019
5693
3224
3281
2513
2102
4087
5761
3625
1680
333
265
610
3604
1994
908
3956
3630
806
1092
3794
2116
1342
5340
4656
2295
3662
2495
1164
2988
676
3337
1167
3051
3303
1860
2476
1945
1057
428
3196
3916
5337
2746
3031
834
779
414
673
2562
2578
2579
4629
1644
3278
2583
3083
2585
3874
978
4511
3646
4230
3298
2408
2393
171
2971
577
749
2598
2599
575
2136
3617
173
2201
4083
2606
2811
2125
2609
2610
4603
618
2998
4570
2398
3816
5635
2618
2619
4774
2290
1678
2213
2172
3063
2626
1900
3445
2298
2630
5903
2828
2925
2341
5925
1041
531
2755
1317
433
455
2302
434
4375
4938
2992
3707
4347
5039
2650
1332
4932
4692
4786
5397
999
541
27
5072
1406
2381
2266
1883
725
2665
1578
448
3036
2547
1668
5987
1622
2514
2733
2675
2425
5891
344
1657
5467
1883
4207
1098
1464
4522
2003
3410
2688
3609
1255
4644
4056
1384
794
2695
4408
5439
3627
4614
2995
3970
1921
5926
2704
2705
3124
2372
92
3495
2594
2711
2257
2055
2714
3837
5013
2717
4963
2719
2720
2038
3084
1951
3829
103
2726
1470
3907
416
2041
3155
4226
2421
923
340
4162
953
1098
123
1734
2741
3959
241
5825
4933
3716
4669
3213
1619
1261
2751
2676
398
2754
5740
3428
4537
646
4373
2760
3319
3113
1146
1948
5521
2122
221
363
3016
2770
5483
642
3766
1745
5025
1964
1331
2859
629
5744
1661
3750
5
599
1114
1342
2787
3283
3670
3852
131
5365
5967
3268
2795
1641
183
2798
698
2800
4971
2319
3106
2175
4949
1851
2807
424
1046
890
5816
1743
2730
3227
3364
232
5395
2818
3604
3536
1017
3799
3900
3176
2622
5346
1172
2092
1833
2830
2111
4019
5296
553
3043
985
331
488
2999
2840
5642
2842
332
1414
2845
2846
2130
2848
2507
2489
4857
3266
2853
2854
156
3079
1311
1168
2859
2104
1276
2131
5243
4757
3048
3335
3471
731
3635
5567
1798
3508
2873
2186
2456
5319
3323
2881
3994
3124
2878
266
656
1477
3174
2886
3043
4920
3669
2890
2891
1864
2893
2894
3959
696
4618
2852
167
4151
3541
1652
5178
997
3137
134
2907
1807
489
1568
2911
5701
993
2297
533
1166
2917
2918
2921
1618
3310
3917
965
2924
1495
451
3257
1159
49
2120
2931
2713
1590
5880
1612
2936
3576
2028
1564
1609
3925
3485
4415
52
4168
4449
1276
2382
2203
5686
1597
1080
1534
1386
2955
2044
5147
32
55
2547
2961
1231
1735
2964
2965
5875
2967
1227
3876
2336
3195
2972
2392
2025
1826
5638
5128
346
2342
1126
5652
3290
898
3613
2046
2355
1524
2496
1571
3382
2631
2992
502
2683
2766
3261
3426
2499
5377
1291
3187
3002
3003
1543
1767
797
484
4854
2614
1838
3011
2300
253
2096
1301
2769
1178
264
4981
1398
3709
2929
2327
3590
2617
1502
14
3028
5101
1698
505
5380
2655
2482
3035
2559
364
3263
3434
1703
2943
1005
2887
132
828
3606
3047
5616
2877
3050
3051
893
2153
5639
2565
2039
3057
2409
1941
3711
1162
321
461
1076
2727
2608
529
730
3815
2218
2308
3072
68
5649
1871
3200
3077
166
2581
2081
2678
4698
314
3273
2536
3202
3087
3025
777
3090
3785
3092
3104
528
1718
2502
3097
3138
695
3147
1069
2030
48
5500
971
5851
5417
1191
1872
3806
5095
2573
3113
3197
445
982
181
5547
3619
3120
409
3122
2613
1707
549
1628
2781
13
4720
354
1507
4233
2281
3762
2046
3863
1193
3138
1364
3140
3402
1631
5724
3710
1927
3753
4232
1036
2217
1280
2728
543
290
1491
2364
3016
3526
4276
2112
1330
3161
1820
1912
3306
2410
2926
3167
4634
3159
2460
2314
3287
2158
2301
2428
3176
2401
2200
4372
3180
3784
4424
1748
2672
2701
1754
1778
956
3005
3230
447
3192
1777
2181
4858
5883
3197
3100
3007
4742
2871
3757
3525
1998
1596
3282
2434
3208
5910
2915
3211
2994
3485
591
2834
5266
5064
4675
731
2627
905
1913
5167
4693
3225
4899
4046
1816
3229
3955
3231
3886
3233
3234
755
2736
1717
2404
544
1102
3241
2782
1852
3226
3500
1314
5852
623
802
5584
2082
2913
2049
445
1060
1579
5589
417
2065
4992
3875
3278
3263
1856
3265
3549
318
2541
3269
5861
1075
727
899
3274
3275
3276
662
2864
858
2399
528
3462
3316
1109
2773
3422
4409
3288
1937
4285
5715
3901
4315
1121
1635
3132
863
3997
11
406
2344
1548
5516
1278
1682
836
2609
884
3309
3514
1255
3285
3914
2963
4134
367
2504
3627
2291
1806
3170
1773
4599
3597
3325
3326
3915
2077
3329
5450
152
5643
3333
602
3163
637
897
2082
3874
404
3341
4116
5444
252
4322
344
1202
1184
2578
3568
5543
5555
770
597
3000
1614
5900
3904
3033
1264
3145
3362
3350
5846
80
2143
1379
3368
1360
1186
5937
5083
886
4977
5104
3037
2038
1992
1467
212
1120
834
3136
3384
2049
5204
2564
3388
3343
595
2948
3392
3393
3394
3395
5794
3463
5200
2016
5362
1840
3181
4714
5209
4174
3406
2282
3502
584
3771
3411
3221
4473
3923
781
1719
5741
1720
4848
3487
4880
5405
3423
3424
3425
507
1713
453
2677
3430
2683
199
3093
3183
904
465
1121
3158
3250
931
1915
3442
2440
3444
54
4922
449
3367
3449
3023
3451
3464
3914
1083
2301
1871
2022
3458
3564
3586
1529
1704
1896
5432
2750
3620
5325
1447
98
572
1119
1385
123
3352
3726
3476
3477
1875
2707
3480
3216
1420
1192
2478
4176
2026
3420
4038
42
3890
1305
1437
3493
5770
748
4855
2590
4476
3499
1995
5837
5896
3503
3504
2051
2982
2930
3508
3509
2000
4746
1057
1275
5826
3285
685
1334
4210
823
3520
183
2387
4115
4850
2521
1638
3527
3114
3993
921
439
5790
374
5426
3637
2116
931
1414
2792
1788
231
4636
2419
2132
3130
1351
3547
263
2735
3455
3551
4144
3061
56
1024
3556
1946
2084
114
2289
2222
3695
153
3564
2825
2254
3567
3568
4914
2545
314
1917
3778
1687
3223
4133
632
5512
1389
5326
2767
3614
37
3371
3547
3712
2406
2286
967
760
1395
1540
646
1364
986
2001
5523
5603
611
532
3593
1682
2738
219
2243
3403
3607
1906
2182
2641
997
4124
1359
2906
3615
3616
5653
5637
2198
2864
4667
3262
3628
259
2654
743
1757
5134
1391
3786
2168
4197
5802
1525
69
5049
3142
2379
2472
3516
4606
2192
3730
3157
2250
87
1084
2628
3649
3164
282
1769
3653
4209
3433
1589
1918
65
3659
3129
461
3662
1625
3996
1
2878
3667
405
2462
4218
669
3143
1402
3288
77
1805
3634
4495
2231
3053
1160
4206
3146
788
5720
2357
4067
2539
4074
1101
3691
5477
2497
758
3943
1603
5310
3412
3699
298
3270
3832
3737
2543
4712
295
3107
3206
4426
2772
3711
3158
4553
3149
1575
5371
1510
2467
3719
3925
2596
2525
1219
2708
3268
562
3299
2145
5538
3429
2800
514
1975
3393
933
31
810
5704
1428
4279
3582
89
1744
3744
435
995
3888
1994
977
2782
4099
2780
2896
4730
1441
1542
1815
4333
3759
1867
3761
2304
2648
3486
1809
3213
1570
661
3056
3676
3951
5998
2439
3836
2031
170
1189
4255
2355
1959
3781
5231
327
5122
2307
703
4523
4451
3789
3677
1893
2633
3942
3544
3648
3008
942
1110
3799
3580
3861
1982
5783
3804
1176
3692
1965
3808
3809
1253
3536
2738
1323
929
2772
221
3296
5210
4771
3820
2113
3822
2944
4136
3313
958
1702
5610
1949
2511
816
3830
1821
2437
1223
3752
1663
3838
853
729
168
3842
1243
2143
1461
1179
5844
3705
3849
368
833
4201
2959
4125
1594
5594
3787
521
4457
3516
1946
4458
3863
3864
4788
2090
3712
1790
4120
2308
805
4581
5982
79
3603
2029
2321
3878
4311
2889
649
1541
2617
4845
2581
742
2451
1313
3889
941
1681
3870
1923
2938
3895
3912
1652
2983
3899
2368
128
2326
4908
2310
2996
3718
764
3908
483
3700
4685
2608
3913
5949
4898
3469
4709
3222
3919
1249
3284
821
2512
59
3656
3926
2348
561
3120
3707
1448
4323
3933
605
3935
3346
3937
4180
3160
2510
5727
3107
3943
5005
2400
5361
2833
3948
1784
3950
1269
1845
2954
3438
1706
1499
2932
984
1662
5908
413
3962
2294
4109
1784
382
424
1196
4551
1084
3971
3301
1582
1624
2720
1647
2587
3383
879
4170
1814
4191
3983
2659
2424
3324
1178
162
2384
3990
5506
3087
4068
1156
920
3755
4004
3998
1605
1576
2328
5773
33
3339
335
5658
686
2635
2212
50
117
4707
3188
4697
4905
1859
1897
4018
5440
4958
1742
1543
1192
773
4657
2151
768
490
4029
4030
2454
3145
780
2531
1723
2290
3794
1466
5250
1823
438
1936
4043
4185
2091
5304
5111
5579
1736
2768
3468
1026
4053
5717
441
4088
2718
2269
1309
4060
2329
4062
4063
4594
3214
1128
2400
5755
1374
2008
2660
14
1366
450
4075
4076
5695
4935
3034
4080
4081
1010
743
1725
641
3461
2534
2359
3977
621
3578
1739
5634
4945
530
4096
1894
4331
2508
4100
1263
4102
5047
2537
2199
3496
683
1850
1868
3515
3946
4112
3528
196
674
2940
4259
3473
409
497
1345
4122
3612
1800
1324
3037
2499
2019
1348
151
4309
1675
3272
1455
5907
5806
4137
3026
189
2841
480
4142
5574
688
1588
2340
5796
4148
5263
2823
1344
4152
176
3474
4155
4674
1626
1131
4995
4160
1639
2188
194
5174
4715
266
423
1202
3608
2868
2215
5965
1027
2969
5322
3666
878
4178
5731
2351
444
1077
4183
4300
3944
2374
2778
2190
3174
723
2723
4192
1615
5789
4195
3126
394
3281
4199
1103
293
4202
3956
3892
2108
3682
2616
4538
467
200
4211
3921
2981
2898
5588
5472
1054
149
4219
864
3029
569
3798
4224
1397
2721
2205
406
1934
3611
3790
1288
3696
2743
4235
61
1225
2934
5894
262
3350
3697
3825
3239
2685
3987
1238
3873
719
1050
4251
4252
1157
2111
3960
2522
3650
915
5030
215
1409
983
2155
1890
1396
1528
130
3307
1587
2414
4486
3079
1755
65
1074
4732
5769
3654
3894
506
1926
942
2514
3558
896
2838
783
4288
5242
2187
4291
1756
5611
4985
1257
4296
1547
2502
3640
1505
5964
169
4303
3779
4305
1921
4307
1524
1408
3186
2176
4312
4313
4615
5053
4316
5208
4824
4521
377
4193
3680
1049
4324
2950
4326
2339
1113
1544
712
2744
3471
452
1640
2345
4336
3964
4487
1730
63
3491
740
713
4344
2822
334
1234
4348
4349
1973
3807
5947
2438
5087
1713
2266
1013
1876
19
851
4579
2313
2071
2930
4365
1245
2976
2985
812
3003
2377
1033
214
1142
2644
1008
1825
4378
471
4005
1587
5765
2
5051
3125
734
2389
3741
519
396
4380
579
1260
4394
300
634
557
2432
2169
3793
2206
4429
2079
2258
4405
4406
2386
1116
3735
486
5080
4412
3555
4414
4646
4416
4264
2697
3432
3408
2300
2803
336
4017
4425
4065
4114
201
527
3454
1613
1199
1373
1491
5375
2899
1230
5407
4439
5004
518
3482
426
629
4445
1315
1031
2752
2493
2473
3205
1782
2224
5850
4455
560
264
666
2145
236
639
70
2933
485
5514
2292
2698
567
3546
3220
4434
5863
4760
3941
308
3760
5354
90
4479
1389
1890
430
1869
4797
4485
2045
571
2668
5707
1141
2407
5411
4493
4494
290
1153
1554
348
3110
3771
4042
4502
2819
1826
5388
1427
1188
208
787
1604
994
753
596
1780
269
4516
365
4518
4519
3265
3910
321
3488
771
2986
4526
4527
1508
754
1843
3313
3420
1149
3416
3651
3560
3437
1607
4539
4678
3557
2094
3510
4544
3244
4244
359
495
4542
4550
1374
963
4277
1304
2362
5197
5324
3648
3484
229
4561
5970
1623
526
1974
5993
2449
5493
3930
1617
751
4572
1536
5265
1728
3441
522
5107
387
753
3872
1965
240
693
2946
5942
5953
4882
1640
3375
4591
4592
1737
3028
4595
728
2987
1808
3670
4600
2475
5867
2643
1213
47
1522
410
3430
5344
4610
4611
1824
3702
2699
3292
2446
1227
369
1150
5267
2407
3632
1251
5914
2715
1280
2365
4628
1792
3851
3361
1654
5788
1741
2032
1066
3596
4638
4639
4640
2827
4642
3030
1340
2367
886
3871
3041
4649
5922
2659
2098
4653
2504
3945
1380
5129
4658
4659
2482
3722
2445
372
4664
3421
3446
3995
4668
4576
5230
4686
2551
126
1195
2201
5895
4677
5957
2291
4680
3452
2431
2874
3
2159
1546
4687
4688
4689
1731
1066
604
3224
2338
41
113
1438
496
2388
5955
5931
284
3752
4704
761
4227
4852
3359
2247
865
1430
3593
4713
4632
2979
4716
2666
4718
5890
2331
873
4722
3391
3396
5834
4726
3077
1450
1632
545
5733
2799
3519
3277
1563
4736
4800
4738
186
4565
891
1506
1065
1072
3762
4923
1977
2580
1786
196
2507
3756
24
2193
2957
4268
4743
1574
2178
508
2774
5447
4763
906
2935
5102
4767
2429
4769
104
837
4904
1129
4962
4775
3394
541
5158
4779
2133
4002
4782
5448
5718
1166
2485
4787
3865
4789
4790
4791
3170
20
4794
5040
1580
1796
4798
1234
3987
275
850
1165
4804
5317
4806
1558
1870
4809
218
5845
936
1736
2773
3882
3108
5586
4818
3847
4820
429
1643
2761
3884
2371
360
426
55
217
2260
2647
891
2595
1201
5248
663
4433
4838
3402
744
369
4842
767
2395
4248
1137
3832
3964
4849
1903
2787
969
4853
3008
3738
4254
2777
1764
2869
785
4861
2470
2455
4864
5157
4735
4998
1189
4869
137
368
3374
1462
5451
5859
3886
1473
4878
4879
1743
4980
325
2962
4884
1208
4886
5415
2925
4271
1475
4810
4057
5077
5556
3366
4896
5349
2073
2020
4900
964
3610
4535
202
2624
4906
4907
48
3596
2856
1371
306
2561
2542
612
949
4917
2890
2416
2734
972
4073
45
3559
2947
4926
4547
4247
4929
1577
1697
2652
606
493
3634
2757
3792
391
4939
4940
610
3255
2591
4944
2268
1177
4947
4948
4844
1768
3336
1947
3243
2835
3111
4956
2436
3365
434
3075
689
479
310
2567
4965
2195
1884
765
118
5702
2801
4094
4448
2063
4624
140
155
300
4496
5978
1087
3714
4983
2381
1239
2481
3286
1078
2135
3443
1786
4402
3314
2857
5278
4996
5302
3018
4999
2666
2630
5002
3112
5063
2652
3759
2519
4275
141
3686
5494
1047
1447
4641
5015
3963
5119
1836
2785
3492
5528
5878
1914
640
4418
100
5027
4054
5877
2924
497
2977
1026
2238
3776
2821
3203
3247
1864
147
1593
776
927
3354
1701
3277
1489
2705
3736
1183
998
1983
811
3812
792
922
3407
157
2903
5060
5456
674
990
69
273
4744
0
254
412
5070
2042
877
2372
3893
5075
4620
4403
5089
556
2011
5768
1847
256
1741
928
5086
4997
3573
5425
1384
3246
2453
1879
342
4927
3012
362
3685
268
4676
5750
3434
2120
2253
2433
727
1908
5148
3055
5110
4047
5726
1667
5427
3885
2360
1721
667
2271
1849
1972
3181
5123
1198
5125
5126
3811
508
3657
917
5313
288
3437
4587
2312
3126
2068
5138
1009
4635
2602
3501
1159
2277
53
2074
2849
883
5149
3320
1019
1233
2498
4515
5155
1636
1963
880
763
3442
5161
1214
5972
845
2942
5166
3161
206
163
3775
3896
5172
1998
2420
4867
2696
504
5068
2140
2289
2881
2938
348
5184
673
5186
3417
1369
5189
1834
1922
2285
2489
164
2970
1961
2007
3249
2644
1335
2796
5018
5522
3264
2928
5206
3637
1769
2756
1289
5211
4921
5370
2902
5215
5216
1022
5218
1789
4223
251
5222
5223
4141
1461
4289
5227
1425
5229
4877
3782
2533
466
3635
403
339
3115
5238
3838
2070
3172
1484
2863
2662
3590
5246
4978
1724
2585
835
5251
1523
5253
3105
1372
5256
1738
697
5259
2961
2945
1478
5593
2788
4574
1600
2634
801
174
440
1319
2041
2954
1678
2956
924
5920
4159
5279
3026
1040
3861
3409
116
5285
3169
1645
5831
5392
5710
5940
4936
756
254
5295
5680
3623
5298
2414
214
5301
4354
3704
3094
5305
4301
5220
2510
501
3984
3927
1601
1791
1688
940
4816
67
2568
2876
500
5321
74
2036
4560
3137
383
5723
4397
3377
5607
3800
2868
3303
701
5342
1184
555
4256
3424
2551
3307
531
2620
397
2648
2922
3850
5348
4319
2358
2397
1874
308
1924
4154
5356
3982
262
5359
5360
621
1951
5363
5364
2792
2220
5367
4161
9
4829
693
2343
627
389
1957
5376
3380
868
1493
3132
3893
3768
5383
3379
5385
5386
5803
156
1947
1993
1435
1169
2432
1489
4483
2688
887
2503
5530
5400
4435
4598
2356
3306
3100
5573
601
5408
1698
2440
2043
1605
1313
205
3852
5416
4353
311
1593
5420
400
3575
3332
2106
1616
1002
4663
103
5092
2623
1691
3191
71
3881
5435
4931
2817
5438
1896
5608
165
5100
1070
914
3341
5446
2306
2846
5320
5058
1617
1123
1861
5454
56
5061
3270
4777
1370
2464
4672
5330
4126
4182
2163
515
971
1399
557
2420
2751
2725
158
5474
1452
5476
3718
5478
3887
2223
4117
3088
3643
5484
3483
778
915
438
682
2591
890
5492
960
3658
5003
2164
4719
5498
1999
820
11
5422
2277
511
2293
3512
231
2021
3256
478
968
3000
444
5511
970
815
5517
3217
4370
2134
767
3980
2157
3338
1907
3259
3398
3118
5529
1449
5531
3465
4833
4147
5535
3954
5537
3729
662
1602
2011
5542
2310
5544
2350
2093
1347
4358
4246
1662
932
4461
4016
975
5836
4894
2241
2485
4014
4481
5503
3552
3225
5564
2035
3817
2124
4302
2802
361
2442
1610
806
2865
1870
5576
224
2342
1692
3657
430
1436
525
4181
244
1488
5587
1971
5502
5590
3191
5592
410
3856
2857
4284
5597
1990
2280
3064
5601
3776
2764
5604
2709
2888
343
1353
5609
3035
5709
3856
1966
2805
3795
82
3825
298
5619
549
1941
5622
1988
2089
2681
923
5627
3967
829
2694
5582
2730
803
1585
122
2276
3207
2505
5916
2047
3201
2312
2965
3894
2982
5646
481
5028
3929
1062
3450
1599
1126
3219
3059
3171
4578
5651
1623
2667
4384
5662
5175
856
1147
3521
4131
2937
2565
329
5671
5672
4626
526
5699
3481
2758
496
2013
154
4467
5682
1509
2179
1518
5328
474
5688
3692
1750
5691
3131
4781
2101
2443
1011
857
2437
760
3641
3135
3021
2051
4350
46
1016
1176
1614
3243
5290
5241
2710
5832
2349
956
3371
6
83
5966
3076
5721
4379
1931
2091
3112
3965
4396
3015
3346
260
2492
5732
3386
2544
5735
1563
3241
5848
2137
2527
3585
1709
5743
5847
5339
2005
1756
5748
1958
5471
2231
1091
5753
1212
4846
3920
3117
3099
3503
1669
1984
3093
1612
2147
5482
3048
1361
1286
4954
1794
198
3479
3747
1934
4770
3005
5777
3940
1022
650
4411
4974
3498
5497
176
5786
1660
680
4555
3178
5791
1690
720
1637
5795
2465
3251
5798
3351
5800
5801
3985
735
3905
5805
5666
849
5808
440
3602
5811
1441
5813
18
3370
930
4506
182
3316
5820
957
2912
1337
2180
3979
1879
5827
3431
4488
1990
5288
2461
5833
3947
745
12
3141
4205
5839
427
5841
3300
2076
1825
1420
1326
4862
391
5006
3605
1955
2715
5490
3473
3308
5684
3185
2036
3447
3941
363
3552
470
4186
3823
5866
4171
1590
2742
4454
1277
5872
2675
1855
2411
4146
4545
313
1781
5358
3642
5905
2706
5700
2991
2010
4681
2105
892
2984
5457
3156
3522
3358
2993
4987
3537
5898
660
3266
2023
3745
3481
1321
1853
5980
1598
3679
3655
105
5911
2494
3782
4345
720
1421
852
1916
4724
5021
3033
4650
5923
3726
446
1444
3166
4865
5929
4665
4988
2229
4066
1724
3571
4410
3004
442
5886
5291
5941
4748
5943
3396
3980
847
1620
2516
5387
5950
2996
1405
1016
4831
3591
4286
5076
3777
4127
2789
576
4269
316
4196
185
377
3992
962
20
3973
2533
5823
5441
5974
5975
3027
324
4741
1824
5436
1397
4505
5764
5984
3058
1246
4039
5988
3118
5151
5479
5838
46
1710
2413
5010
2067
490
1382
