0
886
844
551
168
874
847
569
980
437
209
11
436
676
724
893
543
664
232
19
323
258
22
244
837
25
26
86
401
622
30
233
796
33
147
320
36
160
304
35
198
104
916
145
108
391
458
2
192
749
50
589
297
53
604
972
56
424
460
748
189
186
62
249
592
38
506
67
656
557
956
325
911
842
413
663
524
95
340
758
306
954
247
381
84
618
139
992
547
908
686
241
999
76
316
389
296
97
855
555
127
841
191
54
326
930
392
71
44
335
457
411
112
183
508
690
116
808
18
768
674
648
122
755
399
948
126
134
660
762
699
528
132
982
596
680
662
777
394
668
997
219
157
850
144
28
146
968
148
149
150
675
817
745
173
373
156
520
474
974
37
702
419
741
272
776
154
809
838
79
754
17
172
981
587
4
319
891
268
179
564
159
13
123
188
113
509
72
574
824
136
718
542
909
554
238
106
197
637
826
254
681
202
43
99
669
429
262
635
802
371
701
714
151
820
431
32
217
386
558
75
693
958
914
691
521
654
496
946
591
194
597
118
990
234
559
757
237
265
274
995
977
471
177
216
245
498
610
486
356
849
812
978
372
200
385
256
257
778
312
260
279
602
553
137
466
266
461
573
967
286
271
203
349
450
42
14
961
606
89
516
281
804
822
310
285
665
671
491
482
563
962
300
729
743
91
140
390
511
299
926
221
756
423
333
395
339
107
376
311
90
807
49
163
840
943
29
779
541
651
142
321
83
617
289
211
570
34
913
100
396
752
130
713
8
414
361
302
354
283
275
751
61
408
303
141
248
412
685
774
600
351
479
165
60
935
133
341
27
365
863
688
490
223
673
552
593
308
368
465
892
210
692
806
370
860
470
366
269
425
15
780
670
901
823
634
204
231
927
580
800
346
781
744
747
641
301
830
848
263
642
534
735
934
556
78
406
407
746
98
715
805
329
74
932
388
120
214
12
643
327
716
631
517
760
379
627
294
82
178
880
562
432
503
434
309
430
240
512
599
440
441
507
243
444
725
952
48
501
449
171
996
481
561
937
7
971
798
332
295
228
403
480
417
464
598
128
467
772
383
945
859
85
861
158
965
476
439
478
362
57
856
827
445
352
485
45
487
499
987
704
153
505
705
494
495
678
497
854
488
135
545
871
979
910
267
242
161
500
468
510
175
427
513
650
515
709
475
477
519
253
225
522
759
239
337
16
527
872
463
649
661
532
58
446
380
639
753
620
64
816
657
672
581
103
769
572
571
697
345
324
951
131
792
782
124
404
443
549
865
771
121
628
889
205
111
566
963
655
924
794
659
941
109
883
575
539
174
578
3
918
23
348
590
110
784
767
732
588
426
548
533
938
931
594
415
866
305
170
831
101
722
493
766
180
206
791
853
611
453
322
763
583
736
6
222
331
793
166
885
567
632
125
344
162
459
292
518
328
698
852
964
868
190
703
717
226
536
832
677
447
235
730
55
502
93
976
284
364
821
410
259
640
873
280
613
739
282
369
538
942
169
646
813
540
167
246
343
890
582
77
314
207
818
902
184
917
710
922
801
114
775
953
912
862
621
940
229
658
529
377
451
358
105
378
679
626
92
438
773
87
525
252
919
787
40
955
80
39
998
984
983
707
307
448
315
375
723
442
788
797
878
839
585
888
898
208
814
905
653
612
455
899
989
66
47
742
936
810
991
452
616
5
129
845
523
531
187
687
595
959
638
357
215
293
251
526
504
277
667
270
51
694
836
290
537
894
949
988
928
544
546
825
317
550
896
21
492
636
41
398
199
212
799
884
288
969
750
70
318
287
155
421
706
88
484
195
696
402
397
882
422
353
900
666
795
985
870
811
143
738
435
428
993
409
384
682
363
790
367
834
420
609
68
236
273
819
684
644
576
218
867
176
138
255
803
783
405
726
313
761
196
63
960
925
740
770
835
9
689
727
614
230
737
728
645
876
929
789
96
619
833
734
933
456
374
568
711
629
920
193
921
31
895
577
851
65
73
906
719
338
915
869
733
182
986
330
879
624
579
695
881
24
923
278
947
864
433
102
623
785
400
164
20
201
94
119
342
152
416
261
514
601
857
944
970
250
185
647
393
858
224
903
382
220
117
652
565
897
966
360
607
336
489
683
829
46
973
721
843
115
586
877
334
603
765
608
530
469
875
472
975
887
359
700
584
473
276
957
786
264
350
535
764
630
907
560
633
52
10
950
181
213
298
418
227
625
720
615
387
605
81
712
454
355
828
846
462
347
994
939
731
291
59
1
483
69
815
904
708
