1253
216
625
1580
193
2968
137
2263
2412
9
2173
1896
2711
2751
3610
2523
991
17
1121
414
1604
3513
198
2668
24
25
281
2574
28
267
1394
3483
1338
1823
343
1
1042
278
939
39
3252
481
2807
3764
1622
1925
1543
878
337
2516
115
92
263
71
1545
745
2538
57
2353
1250
2207
983
1829
374
3957
2086
3286
962
3003
837
9
1938
3618
372
576
1128
710
3216
350
291
3282
1663
1801
23
84
2978
86
87
3035
1769
3565
1222
1993
2467
1586
95
465
52
3889
3702
619
101
3745
868
163
782
68
830
1056
109
3261
640
112
1914
275
50
2803
2017
1902
359
1699
1426
1618
237
2783
98
1877
378
643
788
736
131
13
3352
2597
135
382
3558
3923
660
3323
730
548
2655
1704
145
2127
1880
213
2616
3448
401
3930
2903
1199
324
974
578
3588
450
415
536
995
20
635
1964
1560
868
1939
328
506
171
1778
2226
1034
798
1346
177
126
347
272
3601
182
2985
184
3204
237
1789
1162
637
413
3743
2792
2745
194
1859
2991
3673
998
3836
1932
3718
3906
10
204
1401
2851
207
302
3236
353
1501
3364
751
3306
628
2343
180
1562
3211
933
221
1646
1497
1230
36
1059
3387
2084
309
1963
3390
265
2598
3409
575
3119
186
238
617
1489
3956
772
504
3730
947
658
247
3776
2633
2934
902
253
253
885
255
256
167
354
1275
260
145
2397
870
2446
3953
979
144
255
269
270
754
3315
2981
274
1885
3146
277
37
279
1750
2324
282
813
284
3792
3208
2916
2396
3765
290
3131
1984
61
294
1304
140
607
1279
305
545
301
302
303
304
3832
724
739
24
3783
85
2
559
63
1871
2363
682
119
150
1843
320
2297
330
514
2823
325
434
2980
965
2195
3631
2770
1422
709
2586
2320
1644
2419
412
3667
225
3648
342
3469
344
93
3574
1883
744
2749
1872
3199
877
353
2130
3440
2975
390
358
3092
899
1546
1992
3658
750
227
218
763
368
382
931
371
372
956
1136
346
1862
1286
915
2192
400
288
3984
3863
3455
264
650
1738
3742
929
134
3800
1996
3952
394
765
2870
261
2382
2460
3534
2513
826
13
365
2831
492
1439
1796
312
2944
496
3925
393
2014
1556
416
362
1610
419
165
2614
1067
929
424
269
1961
32
329
327
491
873
242
1521
70
2013
436
1100
3347
1112
1641
1550
677
443
319
2213
3769
3439
446
837
417
451
1793
453
3709
455
3429
749
458
1262
52
602
498
715
971
3461
2699
764
72
2881
470
3654
3596
3027
2777
1840
724
318
810
3017
3217
976
916
1400
497
594
3229
561
342
2338
2883
1012
780
303
494
3262
1377
3350
1747
2570
45
1478
3571
2741
3098
3789
3195
33
3367
3111
3005
511
512
327
514
2251
1621
2503
503
246
1293
776
522
2071
2949
525
3181
603
528
1166
530
474
2842
329
1826
535
536
752
538
1703
740
1841
1803
3223
311
387
747
557
842
571
3674
2147
2595
264
2813
521
693
557
558
1522
644
1529
2779
563
564
92
1848
584
3171
889
787
549
1207
948
417
2722
3276
369
578
3582
580
1603
2826
657
3963
174
2321
4
752
583
1654
2685
600
1821
423
880
2532
457
1752
793
2398
661
602
3382
1570
3436
1733
920
2358
609
610
3339
923
613
1223
1720
673
617
3015
2880
630
439
1710
1729
2636
2208
3559
3081
726
1396
630
964
3934
633
2867
11
1917
2505
3552
3452
452
2815
2609
3813
3228
2552
648
1458
1200
469
149
651
245
1940
104
170
656
108
3156
759
2768
661
128
19
2278
166
1308
1314
2652
448
3340
671
2841
396
3794
825
1781
554
3214
317
491
3561
682
791
3080
0
2761
3031
688
388
239
1575
746
2977
2000
695
544
697
260
932
1730
2150
226
1175
2603
367
3464
1467
708
555
14
711
712
1799
1061
322
1557
477
609
2212
2228
2864
3572
1307
352
816
2990
3626
228
2682
2072
531
3714
3525
2081
287
3343
459
384
639
740
3873
546
743
744
598
27
3900
3686
3699
634
3999
984
2439
1882
2457
286
3486
758
1707
1533
568
824
1334
555
3472
1579
889
3935
2971
262
3004
772
486
2016
2345
2853
897
3121
2095
1681
781
694
3155
737
3433
363
426
2145
1170
1768
899
792
375
794
795
796
3141
3101
709
3589
801
894
890
441
326
499
807
1868
2474
810
211
3293
1312
702
3145
2284
2301
722
2351
820
821
620
257
829
825
402
872
1794
824
3500
419
858
932
498
736
3751
1713
214
3206
737
490
140
439
1257
845
2535
3059
3133
2788
797
1775
1363
853
3620
2356
1242
290
320
2021
5
3750
699
1202
1544
865
1318
867
487
1863
1935
1430
247
1251
2576
3253
2428
3072
3342
82
331
1762
611
883
295
885
2111
2172
888
535
2316
891
2205
3334
2450
2044
852
659
2414
2619
631
3122
1091
2085
2891
747
901
3608
1030
909
669
3154
912
730
908
510
1081
2388
918
919
4
2843
1154
2845
827
1577
1919
3681
2834
3498
642
817
894
1182
1948
2025
2005
2772
676
1770
435
1736
1945
3917
3899
3958
157
42
124
1013
450
484
808
54
2182
928
1790
2689
3275
2615
683
1337
2462
963
589
49
2915
3297
3703
3839
296
204
3842
2200
61
975
3442
977
676
266
980
3400
1657
983
558
3341
3919
3369
2483
2511
1675
1205
2190
993
3218
3162
3071
3366
262
2304
3757
409
1910
3112
784
5
2987
2055
2490
541
98
335
12
574
1425
848
2879
2409
3774
3577
1325
1480
892
2775
1365
25
2632
877
1839
2299
3978
346
201
33
677
35
843
3796
431
763
40
3737
3115
2931
114
45
50
3858
3049
49
1475
51
1797
235
2034
1397
386
229
58
1721
1453
2973
1151
155
2143
3645
880
3499
129
2385
29
334
815
213
1612
75
338
528
507
679
2684
2920
244
725
3097
2928
3510
3085
1353
2270
1900
499
943
93
2441
2628
745
245
1687
99
1023
360
102
436
479
105
106
1277
1795
2572
3590
2018
357
113
1834
1179
1592
117
2272
236
1080
823
524
156
1860
3379
126
3526
895
1638
130
462
3633
2936
123
910
1164
3
2755
139
2827
2229
1022
678
66
1
954
147
148
2735
1867
1443
2092
3814
53
3480
615
199
2271
470
2088
161
563
1809
164
1555
326
167
2178
169
1858
171
183
465
1639
629
937
945
3422
249
1433
645
182
1038
699
517
2712
3129
188
1812
1421
552
862
442
2547
539
937
197
411
1698
638
201
217
779
335
205
2919
2966
2318
120
2020
122
592
188
1367
1492
1855
307
216
219
593
313
222
1359
3807
2012
668
307
438
2578
2230
1351
1155
3580
769
231
1342
1553
44
118
240
241
727
3180
1898
1662
3746
556
2486
179
3815
413
3787
3544
1569
819
2453
127
2908
1178
1382
3417
89
18
1290
1609
826
181
1599
3243
3823
564
272
875
274
68
276
251
355
482
614
65
3549
3138
2108
285
3037
3585
2912
3788
857
3091
905
2142
3191
1585
2533
770
2890
1899
3374
2422
3466
2935
2306
1957
306
701
847
653
2591
485
1515
3008
2001
318
831
2885
2328
2638
256
1538
1356
505
1969
952
805
148
173
2061
1326
2983
3665
3313
2181
2038
2163
337
2766
729
2790
3151
560
508
623
299
3977
119
1281
3779
343
967
519
1787
380
1414
814
2066
3231
2222
2901
1026
1552
363
391
2374
2667
1226
368
94
565
2635
73
373
836
3054
575
652
698
1715
1388
3203
395
1924
1723
399
2692
22
1889
2372
452
484
1651
986
860
1188
1694
3614
2418
1209
3790
3321
942
2077
697
1409
2176
497
3632
2804
3598
411
2956
111
46
331
257
864
2438
82
420
756
712
1508
424
2247
2789
951
3716
905
2898
1123
432
767
3639
822
103
2437
3983
397
798
2165
3099
2717
1512
3126
2185
221
669
2237
178
1211
3749
40
432
3946
1690
2448
3975
2218
460
1129
31
1229
313
710
3060
547
468
511
341
3907
606
553
3964
475
3932
477
3844
3069
656
615
689
1172
760
3176
1758
718
234
543
3159
339
804
3867
403
525
3949
2602
2850
373
500
3446
1844
1165
606
2654
117
1339
3057
3992
2011
89
500
513
3152
515
1104
2585
680
316
3903
2303
1656
948
3496
97
2743
704
387
3411
761
1450
2255
3971
1748
1084
1204
2661
705
15
1777
136
542
294
544
545
960
1001
2381
2386
3233
551
3622
3000
34
2897
1792
915
735
2362
3747
59
562
433
486
3762
2368
567
1785
279
570
364
2529
573
2404
2729
2926
1946
953
579
1329
581
3078
3373
227
585
1252
2091
2937
589
590
591
312
1216
572
3514
596
717
1110
3683
647
345
1398
2796
604
2957
533
3380
2882
2060
610
586
2512
42
147
3678
77
457
879
1615
2947
3541
713
817
624
625
626
588
756
2647
1481
159
110
2607
1228
601
2378
426
200
2631
1837
641
800
3922
1874
3492
646
507
3125
3993
2507
651
696
1193
3304
3627
1310
202
1274
2009
2943
1072
366
2518
360
665
314
3435
1187
2601
869
671
3647
673
252
100
2762
2569
2869
1980
1692
3220
1653
683
1004
3581
2545
918
3985
3628
381
483
3995
3875
1103
1176
83
1864
2352
3584
1629
1594
195
1892
1903
3595
3576
2078
708
1600
395
1783
415
713
774
2033
2359
904
636
1754
720
3230
460
1548
1380
961
1370
445
2551
650
841
1956
1369
3033
1470
818
270
840
863
1810
721
741
789
1616
1534
2989
3219
945
440
749
1438
2993
10
239
2375
755
2031
1933
3516
3441
1282
748
762
3188
764
792
910
3865
2469
3890
3736
2494
766
212
3793
2933
540
241
674
3616
633
781
690
1156
598
785
389
690
1740
2098
790
791
2487
793
892
2477
3460
141
3830
2380
3012
801
2319
803
804
3812
1124
3694
3408
154
133
21
2149
374
992
377
2687
1547
462
22
1678
2629
26
3573
1671
3662
266
924
2896
829
3375
43
832
234
2399
3014
3540
76
3020
839
1981
1613
2322
843
2913
845
526
847
2273
3320
541
851
2435
3546
2932
855
2214
3130
2410
2097
588
698
728
3688
2482
865
3553
867
103
308
88
386
1063
1850
3586
2203
3819
1735
878
2128
466
2139
662
883
434
131
896
349
888
800
803
3848
81
893
2045
1410
621
421
2500
538
2622
906
1033
3649
3753
3857
361
898
908
414
1441
2429
2394
2846
914
2752
1302
1991
1966
3888
215
921
2822
3489
2666
1383
926
3951
955
3726
2645
2592
907
305
934
3846
936
1070
938
939
3237
3356
972
943
944
1695
950
2713
663
1341
3474
1756
1146
3093
692
2694
2083
2169
3547
569
3392
1798
248
3271
953
275
440
603
232
969
300
1697
972
973
3587
717
976
2197
534
1619
3827
3950
982
1514
225
30
1920
43
884
3336
990
775
992
3144
951
1990
3024
2337
3636
999
1755
2582
2415
420
2816
2710
1006
1007
1008
3871
3672
3959
461
523
607
1284
3184
2479
1018
1019
1020
104
3278
258
134
1025
1014
383
2114
794
1490
3669
1217
2105
3290
524
461
1095
3413
1901
936
1219
2549
3192
2659
797
1399
1818
1198
1049
729
1212
1352
2923
805
2554
203
1057
3557
852
2307
3450
3797
840
1131
1728
2305
2355
1068
1069
3193
2501
608
1073
3711
2447
960
3652
1763
1147
3696
321
408
2988
242
1085
1086
1998
1088
2627
783
250
1092
751
60
1224
2838
3096
3311
814
1140
1101
2577
146
3351
1105
2709
1288
184
3104
1373
1447
206
1180
1488
1816
1144
3459
1118
1119
2874
185
319
3318
3693
106
3488
1776
949
685
978
1561
1132
1133
1134
1135
2695
280
428
881
2217
1771
1143
2468
340
3933
141
1079
1148
1149
2960
177
243
930
3892
316
636
1157
466
3611
1160
2040
705
2665
583
3372
3723
1089
3924
2800
27
435
2855
2287
534
784
107
3010
412
2640
691
100
189
1002
1765
1185
3256
2857
287
738
1190
898
1192
3086
1672
2875
168
1411
1048
431
2323
384
723
2542
2096
2514
618
3453
2227
2961
1640
2558
2093
1213
1214
3124
108
3808
1254
2330
704
3264
568
716
496
527
567
246
336
3538
516
1667
142
3625
2115
3281
1236
973
1238
3849
2528
2878
1930
3843
1244
3317
1246
3016
3050
806
1811
3944
550
285
162
2030
1905
2573
1971
56
3307
2508
35
1406
2094
468
3198
1559
2334
1815
443
3094
3834
1273
7
2691
190
3780
1278
3019
1280
348
3507
1283
314
1285
765
1655
2333
809
3973
1295
447
1158
2763
493
3542
520
854
3385
18
1301
2840
1321
3981
648
2673
548
2026
3029
252
11
553
352
3882
827
506
2900
1666
1194
1320
3346
1385
2649
62
2499
2818
3335
164
3554
1330
1331
3522
3817
1661
1335
3503
1195
2817
191
821
169
268
1343
1344
720
176
3025
795
2886
895
422
1078
2475
743
3710
600
1357
323
1634
1360
1361
942
3701
984
799
2820
1305
1368
2994
1220
3273
120
768
1861
2679
1376
3908
1378
1379
88
1381
298
218
3038
3826
277
48
192
1060
2082
469
1392
2332
407
1395
2700
3222
364
1650
400
300
2998
542
543
1405
233
292
1408
1814
866
3363
3705
611
909
1415
1416
1417
2348
767
2159
406
332
3495
429
2778
3292
1423
2430
481
3707
3056
2606
3324
1434
1435
3881
1437
2220
1375
991
99
2473
2489
3987
1445
2639
1111
65
1249
2784
981
1509
1479
1440
1349
2253
1457
422
2719
1460
1461
1462
552
522
1465
994
210
1468
1113
2015
480
1472
1039
1474
572
1476
1477
1884
2496
1760
53
799
962
1484
1782
479
3555
3619
3851
854
251
2177
3501
3476
1495
1496
1711
1539
78
1500
773
2276
1503
965
1505
1506
2099
1952
2662
259
1259
3443
2464
2669
1317
1893
812
3918
3520
1520
3810
559
565
3735
230
1267
416
1528
561
495
67
2663
1459
1987
658
946
2688
321
3921
1978
846
215
3521
1444
629
2064
771
370
1549
3267
632
220
2148
3030
532
1686
3494
1558
1595
987
3087
3266
3215
2395
198
3105
686
3248
917
755
1571
1572
1464
2377
151
369
593
1578
3384
2921
2459
1582
3804
2063
1047
1041
967
2899
502
1590
1270
2681
2199
1589
985
1982
2360
1598
347
718
2773
802
2405
2
3599
409
34
2814
175
986
1611
3533
310
1614
627
199
2225
2510
3161
375
444
427
1623
1780
1625
2811
595
1628
1345
675
1626
903
2910
2488
1973
654
1637
766
2269
3717
1691
2556
3084
2946
144
2057
2134
2266
966
695
3045
925
1988
590
1127
3773
485
338
2065
1835
3904
3481
152
1664
3634
16
1588
2812
2434
283
2080
1601
3531
3209
3680
1676
1677
78
1679
1680
1970
1682
87
1247
1685
297
2164
1688
1689
456
513
1050
1972
1362
3509
2296
3137
3426
2888
753
3759
1702
508
2160
267
1706
547
3733
2787
442
271
861
835
882
376
1716
15
1718
517
946
59
1725
1261
1724
3719
3263
2758
1696
860
56
172
63
142
1734
3458
1313
1737
162
3395
1094
1941
2795
574
1744
1745
238
3123
132
2634
2808
170
2146
1753
566
2941
1674
3845
2028
3132
1241
2179
2567
3560
81
454
410
3002
634
1225
2701
849
1772
1171
132
957
678
719
1455
2767
1053
3630
153
2731
3837
1412
1825
47
217
2280
3166
3523
254
3362
1032
112
3604
2617
2914
1371
1568
822
873
3966
1804
3615
3134
2793
3234
2442
1035
2347
1493
2204
351
2618
594
809
467
2705
585
328
1822
1315
1824
3067
2847
2726
1828
1432
322
165
202
1833
1258
3061
1836
96
437
28
1076
1838
1842
1886
2974
3424
842
1847
520
1849
3305
282
385
1526
1854
3864
143
51
3583
1319
2167
591
1487
2976
2024
1125
1942
1386
404
1869
2314
3434
639
1873
2151
2286
1876
3247
1878
1879
429
8
1665
1289
3506
404
1746
3651
76
3866
1875
3175
649
3251
101
3167
2493
1897
2623
3941
2144
1510
732
776
1904
3322
1606
757
3063
1909
746
2052
1912
3205
2917
1189
2257
125
859
503
2089
472
586
2250
2563
74
1926
2242
584
3052
714
1931
3299
1354
3979
3108
1936
2344
1390
1831
1727
418
999
2644
1944
3897
2521
1947
2053
1949
1239
2909
2753
1953
2124
581
3833
3527
1958
1427
3982
2517
1962
0
2744
3186
476
96
6
3416
478
1636
3326
876
1974
3734
3612
3157
2907
3330
679
2559
1596
2675
2119
301
1986
1463
54
667
495
501
913
2390
1994
1995
423
2402
3801
3901
3692
806
1820
311
2004
974
2006
2007
3940
1296
546
696
2939
2725
741
129
573
684
111
773
3962
2121
3333
2023
2555
811
3748
3197
725
692
2283
453
2032
2120
261
2641
2036
3420
2047
1722
2646
623
1907
2043
3497
523
769
3980
2048
2049
835
1065
1911
3009
2844
3960
2056
1298
2058
1016
3638
739
820
1181
3948
2539
1983
1985
1082
2596
2070
850
1066
2073
834
1473
2076
2504
989
3213
445
271
2739
3062
2765
1109
970
1832
977
157
138
855
1766
1051
3567
906
211
1299
1581
940
958
114
116
2747
1010
550
2106
3221
802
2109
2110
875
405
2481
2821
1234
2116
3578
2215
3189
128
1494
2122
2123
1923
348
2720
1607
2714
2660
1260
2600
3550
2133
3530
3670
1336
3337
672
3451
2140
2969
3479
1908
276
811
3512
577
2420
2953
339
1620
1960
1536
2737
2837
1891
2894
931
1003
3110
3937
2162
893
418
3965
1485
3316
408
3803
734
914
158
3663
665
1587
988
1174
2630
3927
971
3988
3454
841
2184
3784
2186
959
401
1712
715
761
2349
886
2389
90
3051
160
2198
482
3928
516
2927
376
1255
492
3116
2704
3183
2465
1418
2724
1805
2129
1583
2090
14
1866
3388
2995
115
2221
359
2421
464
830
130
612
3895
30
2728
579
2232
2233
863
3795
2236
3432
2967
344
3075
2241
941
3174
37
3244
777
637
146
925
3713
228
897
1456
437
532
3712
1700
998
86
2209
996
3739
3478
3240
2376
41
2267
3272
1647
195
3430
219
1436
91
3831
1830
2277
3046
2279
1659
2281
2760
3269
504
556
1890
161
570
1122
298
2291
2292
3437
2294
2295
1043
916
3114
502
2300
2892
2485
6
950
891
3855
3039
2308
728
2495
2311
2193
91
2742
1102
3328
2317
539
1403
149
1442
1036
2716
1309
3493
1739
60
2427
2329
118
2331
961
350
480
620
770
3303
1976
2339
1232
2566
2342
3947
1937
153
2155
3265
3359
2157
3239
819
3190
2653
2354
786
3468
2776
2470
3043
1531
2282
1934
1350
2364
493
2366
2325
449
2369
1565
2371
714
2738
1627
680
3594
1574
3423
2170
1482
1887
990
3245
2384
3722
378
190
592
2194
2243
2391
2392
67
3163
1564
3741
975
1928
69
2400
2440
2683
1714
3785
2188
2406
1218
788
1997
3048
670
3548
48
3961
2656
1808
156
3102
293
398
997
2959
2423
2424
2425
2350
2620
2861
686
1372
2431
2432
599
2416
2954
703
288
621
738
2168
379
1011
3485
688
2791
813
3376
3354
2449
995
2451
2408
989
2454
1271
2456
1429
2458
780
399
3270
69
2466
3042
3428
732
742
691
1169
871
2746
722
1542
178
2581
284
608
2478
2158
2246
3259
3564
2664
3414
403
619
394
2612
317
2445
3283
2492
175
3818
2786
41
2259
2498
3708
774
640
635
3829
1237
1913
2506
2357
430
2509
890
2715
828
1419
1870
2515
3006
844
3001
2519
2520
904
3308
2326
210
2525
1106
71
641
1269
2274
214
711
2852
2534
209
3055
2361
3720
1348
832
2589
3754
2370
2544
2455
1184
2383
2235
389
614
796
2265
3113
1046
1502
3068
1256
2288
2952
396
2561
3127
994
2113
2152
299
2730
2522
1287
933
3706
2154
3535
2254
927
39
249
935
1340
2580
887
771
3109
2584
2560
1741
1374
2588
447
515
2721
2068
647
2594
731
2069
438
3128
2075
158
2911
3298
2156
2239
2605
283
1466
2003
757
1015
315
361
783
421
2950
3641
330
1532
2929
29
2621
3415
1328
2461
3471
2626
356
1231
2174
3041
3310
2153
240
1742
2029
2202
2637
3556
3332
700
2651
2039
2940
58
1617
55
3338
44
1323
3196
624
1975
982
3767
1486
3859
2365
2658
463
3040
455
1513
1851
1017
1163
777
924
1683
392
2670
2671
2672
1306
2674
459
2676
2677
236
3666
2680
2234
2906
193
1593
2252
1693
80
1167
808
2690
1097
3179
2136
3412
2019
107
2183
2698
2992
3018
189
1005
3212
786
427
2706
2707
2256
3972
3073
231
3419
674
1322
657
2802
1083
2708
760
706
70
235
2723
358
844
2117
1709
1977
122
3563
3691
2035
1037
884
2759
1245
2732
3606
601
187
518
2543
907
2951
964
3704
1535
2748
1888
289
494
3697
3470
1420
2571
2756
2697
2103
3079
954
324
2067
928
2764
3361
2924
1527
782
2769
365
2771
3732
1726
2774
1064
308
3389
3613
1291
208
2781
244
1071
2579
2785
488
2727
1894
471
505
3761
3066
935
2794
1631
2310
2191
597
2799
200
3355
2261
116
79
309
2657
2112
1137
2809
1052
3994
2346
655
3893
3840
684
7
569
3255
527
366
922
224
2824
2264
582
3603
2828
846
1668
3656
2832
562
1276
2835
1705
2189
2902
381
1865
968
922
2062
3314
754
3505
3301
2848
2849
2289
3371
1504
2100
626
73
1906
1786
2858
1915
478
3926
1206
2411
379
3905
551
3142
2868
203
616
652
2872
2873
1120
2413
2876
3728
851
1075
531
1999
2643
1117
2884
2736
3508
1773
84
3034
566
159
1197
77
3913
2895
1424
862
2819
2206
136
150
16
1130
2904
753
2027
1853
529
2335
370
694
1303
1093
3568
2201
576
113
2918
2972
3235
2050
3490
3185
1759
3083
3465
923
582
871
3249
1566
1658
859
812
716
1684
295
2938
2104
1294
3566
2942
3782
3838
2871
2678
1300
3257
3284
3970
849
183
185
3089
2955
2118
2866
2958
2750
1150
1364
402
2963
2476
2965
1000
787
866
631
2970
1233
2219
1498
654
3393
687
693
1141
2979
1591
1062
388
3172
2984
605
2986
3090
2599
3644
139
1943
3894
3135
143
206
778
2997
3401
410
74
1567
1327
3044
1524
510
310
1413
3246
1584
488
3771
2223
2557
734
1519
1407
471
856
2275
980
3021
3022
1191
3348
887
125
618
3013
2161
230
2102
3032
1717
315
1895
2327
1142
2087
938
336
463
1115
1731
2180
72
1227
2624
1989
1454
1719
653
537
1761
1203
1332
1954
930
903
723
944
3945
3202
2387
622
3065
2444
1645
80
2642
397
768
280
3058
3074
475
2074
3077
1235
742
2312
3721
3082
2922
1029
2540
332
1366
1107
1491
1807
345
3778
2856
1979
3158
1927
580
3715
733
259
1240
1138
3103
1813
3869
3756
3727
1347
2583
3325
2575
3682
2798
333
3545
3370
333
3118
2797
3629
3011
901
604
489
1099
2527
596
487
3410
2126
900
196
3974
1483
848
3136
2224
2999
3431
3140
2249
2548
3143
3210
1965
3740
3147
3148
3149
3150
1452
323
1846
597
392
2860
3821
3344
2285
3160
979
3850
1177
775
1955
64
1324
3168
3309
2231
1708
1643
646
856
173
1779
587
3178
2260
243
2608
3182
833
3914
2480
75
3187
3095
2196
2042
292
3909
258
628
446
2810
3381
1402
3518
3200
3201
1292
857
649
2962
1554
306
179
391
2530
1537
2686
1087
2702
1451
2830
233
209
599
2132
192
664
750
3853
3169
3635
3646
47
36
85
55
3232
2610
533
3668
927
644
3238
297
2407
3241
3242
3537
3989
613
3643
2293
632
941
1090
3738
102
456
3254
3880
3528
3910
124
1243
3260
969
3274
2137
872
1507
57
833
3268
2443
3407
1800
2905
1959
454
2472
2497
616
2340
2373
3280
1404
196
393
1757
3285
818
831
997
3289
97
869
121
1518
3294
1660
3296
3896
296
3825
1248
2625
3302
220
3990
1183
3685
3655
1153
3772
1431
187
3312
3856
2054
1389
1630
2945
662
2531
3383
490
2825
655
356
1951
719
3327
3153
229
1576
3331
197
2022
3543
1767
207
2211
816
2537
448
2452
3591
2101
2302
3345
519
2593
3291
273
560
3398
133
3353
645
1791
2887
836
2258
627
735
380
1632
83
900
1387
3593
2216
3368
949
540
1428
2502
31
3
1391
137
3786
681
2562
3872
1311
2536
2648
981
1264
3007
2436
2703
3954
2930
3391
2836
3640
978
2833
3396
3397
1055
1551
1384
3475
441
919
406
176
518
700
2859
3781
920
1784
1751
3883
208
2433
727
3319
512
186
451
428
1152
2613
1968
3425
3070
3427
254
886
3329
464
154
3421
3194
663
3539
449
3438
2541
2524
398
664
917
3444
3445
2564
1196
509
3449
3659
2403
675
174
3300
3725
3456
3457
3967
3929
362
2877
212
223
3724
2417
1161
2801
222
2037
2568
762
861
3473
2268
109
1764
3477
2010
1028
3996
20
3482
2187
3484
702
3386
3487
2484
2550
2925
3491
703
1114
759
2041
2948
1921
3295
554
1272
3100
3502
882
3504
263
1563
390
3820
996
779
3511
571
1922
595
3515
3597
3517
659
706
3447
46
3064
2426
3524
1967
839
1074
2863
3529
577
1673
823
278
205
3164
3536
2313
896
957
1916
3943
405
3532
357
3173
815
367
181
2733
1126
3551
638
12
3088
3657
864
1058
2829
1516
3828
1159
3562
3028
748
90
2889
666
1077
3569
3570
1186
2780
3661
2141
3575
2611
876
38
3579
605
2238
94
1355
3399
1950
2893
1573
3868
911
121
956
3592
1649
168
1802
1856
105
8
2171
834
838
425
881
985
3036
3755
3607
2309
273
707
874
2008
3731
1021
2315
879
3617
3107
987
2718
3288
1098
3623
3624
1743
2754
407
3463
3120
858
1116
1827
2131
2964
3226
874
3637
828
529
2854
444
3642
2002
970
1670
1027
1523
3770
3991
3841
701
3076
3653
1201
1045
2079
286
1393
3600
3660
3467
377
3349
1852
963
1471
425
1602
1031
123
3671
789
642
1517
3675
3676
3677
1446
3679
733
23
958
1210
1139
3775
155
3687
3139
2341
3690
689
474
95
807
3365
224
1669
3698
2290
3700
1774
1624
968
2604
993
913
265
38
587
2996
2693
549
3916
668
3394
476
135
32
790
1635
3358
509
3277
180
1448
1297
3404
1215
3729
2240
2051
1333
1817
3106
3664
79
870
1918
2262
2805
268
3377
191
3744
2135
1597
3876
1221
293
622
385
3752
681
340
902
3609
3650
3758
3852
3760
483
850
3763
232
3519
3766
721
3811
3418
3602
1449
530
3279
17
3047
248
3777
1316
349
2865
612
1605
3357
670
2806
2650
3258
940
1358
1208
3998
371
785
778
1806
2244
1469
3798
726
966
489
3802
3939
666
3165
3806
2982
501
3809
926
3768
1054
672
1040
250
3816
959
687
1168
3360
1268
3822
3403
3824
458
1701
19
911
383
1648
138
110
172
3878
3835
2740
1633
334
988
1266
660
2393
223
2379
1788
341
3847
1024
2526
472
2248
2782
3224
3854
2046
1642
3023
2757
1173
3860
3861
3862
26
3621
433
473
955
3287
2059
685
1009
62
3997
3874
291
226
3877
3026
3879
1530
1145
667
1540
3884
3885
3886
3887
934
731
163
3891
912
3689
2125
643
526
194
3898
2336
66
3378
3902
3695
3684
2696
853
64
2471
1108
3406
3911
3912
1608
1819
3915
3791
1857
3870
355
3920
2590
2553
160
281
304
2839
2587
21
3177
3117
3931
3207
3053
2734
1541
3936
3225
3938
354
838
467
3942
152
3799
952
151
1096
1881
2463
2107
3462
2491
1499
2298
3955
473
1732
3402
351
325
1845
2546
289
166
1511
521
947
3968
3969
2175
1265
2138
3250
2210
2862
3976
1652
921
2367
3227
3405
3605
1263
127
1929
3986
537
430
2245
758
3170
1044
1749
2401
2166
1525
2565
707
3805
