194
395
80
291
616
385
49
28
317
9
10
102
159
75
396
618
250
126
162
653
242
262
22
103
24
708
606
13
590
640
168
322
365
437
77
624
441
26
561
74
40
142
194
241
483
443
21
47
175
289
523
51
179
572
185
651
110
156
485
111
105
447
141
335
663
518
66
270
593
192
70
27
728
94
19
380
605
274
78
688
268
93
66
83
84
46
791
17
83
319
90
758
307
93
665
676
96
410
540
405
350
101
272
147
104
4
54
378
788
642
98
297
112
338
114
92
121
680
190
647
120
427
286
9
260
658
126
780
418
660
345
776
132
165
134
162
492
279
182
252
48
115
144
762
707
42
344
428
258
208
150
526
683
131
154
477
704
364
158
198
601
574
176
453
398
186
65
167
609
169
314
171
130
79
88
100
604
703
181
52
14
302
182
183
407
214
421
766
76
106
195
739
192
303
538
18
187
337
37
133
0
95
389
622
768
490
134
436
8
357
90
222
12
646
39
127
219
105
137
701
736
14
123
0
24
394
169
27
388
444
30
168
32
323
713
31
711
392
370
764
614
41
448
20
138
639
292
71
576
343
255
145
432
406
54
178
56
267
43
59
60
55
62
326
75
305
244
611
775
458
500
409
426
174
613
36
154
84
403
215
745
15
248
798
510
774
356
20
724
476
311
747
72
81
597
339
784
589
199
668
273
101
549
63
519
129
491
107
25
413
238
44
555
281
166
493
80
117
178
119
116
710
727
687
430
131
58
81
608
542
417
414
785
23
124
352
176
340
122
568
423
151
142
61
158
145
695
165
721
149
750
166
386
271
39
434
156
465
531
171
144
104
559
19
183
586
151
408
155
128
170
328
229
287
429
246
753
533
124
247
254
548
32
65
26
23
97
450
188
189
170
13
557
193
127
377
111
150
347
2
577
55
743
203
581
205
677
207
318
259
256
211
550
213
508
161
321
217
113
674
673
45
11
180
224
220
276
227
569
180
767
172
456
288
109
637
342
575
86
506
240
595
656
649
88
679
742
210
371
298
685
433
173
67
348
99
141
717
759
358
146
752
56
263
754
669
139
112
497
691
189
320
686
100
594
199
77
277
278
225
513
366
282
283
341
285
461
645
40
681
786
49
290
293
694
763
529
164
346
299
638
3
228
193
383
25
85
28
530
732
376
175
29
139
82
315
15
545
143
46
251
607
160
235
535
325
584
327
400
329
330
331
295
132
333
792
308
52
794
253
399
204
585
765
146
670
266
198
381
591
43
797
239
336
354
419
109
179
82
359
501
361
770
720
712
6
481
71
218
369
517
666
372
1
425
375
53
11
68
106
45
76
232
304
196
349
661
69
38
36
472
391
783
393
610
562
455
12
164
16
488
118
351
387
498
62
725
10
120
237
108
411
301
355
719
415
332
130
7
117
390
662
566
209
148
397
33
234
167
520
716
543
96
221
233
264
729
353
570
439
778
744
360
68
22
445
420
478
58
149
479
451
696
153
454
511
197
627
4
459
460
578
63
367
191
86
8
47
617
469
470
148
682
641
115
475
174
6
655
512
231
551
79
94
245
125
257
487
495
449
440
484
316
779
494
751
664
67
635
499
730
714
502
223
435
588
48
404
185
746
772
379
91
424
310
547
516
184
522
161
78
446
133
30
462
525
306
527
35
163
34
553
631
648
534
188
536
537
700
212
374
541
261
226
544
628
300
515
152
334
136
196
121
471
442
114
556
87
558
74
560
44
324
33
489
565
313
191
280
690
138
675
384
129
684
3
539
757
412
579
580
87
431
678
474
201
294
187
505
97
793
457
21
368
57
143
596
89
140
760
633
163
599
480
152
110
92
216
249
128
634
118
612
7
16
70
147
468
567
200
620
309
173
623
123
625
91
155
18
629
630
34
504
795
546
206
89
528
5
202
29
473
402
507
644
632
564
702
769
177
650
107
652
125
113
50
438
657
603
5
50
503
496
706
698
275
2
363
654
466
61
671
749
195
737
463
582
735
1
482
184
521
72
236
524
186
509
60
583
69
600
284
692
693
598
573
514
697
748
699
672
796
119
771
157
705
99
190
265
787
38
153
160
95
799
715
382
177
571
615
667
552
722
755
98
135
726
122
689
636
464
731
53
733
734
41
51
136
659
197
740
741
243
230
137
467
159
172
102
73
602
756
35
554
135
73
31
592
362
312
64
140
157
37
619
486
42
723
103
761
416
718
621
773
17
587
64
777
643
626
269
781
782
59
116
452
373
790
108
789
709
422
563
85
532
181
401
738
57
296
